2456
646 283 366 654 787 14 855 931 580 481 173 274 845 653 702 460 774 81 625 397 315 824 306 243 442 818 116 157 662 822 781 406 298 214 270 945 444 666 187 552 265 964 974 218 249 521 729 600 915 577 681 390 165 770 72 429 172 51 608 484 2 438 393 886 160 16 182 607 858 
571 234 425 436 788 947 696 348 211 664 585 535 522 343 933 58 724 866 121 327 110 975 271 419 820 322 747 439 485 23 323 91 311 126 252 336 373 401 192 395 125 331 407 90 554 645 956 651 451 384 507 93 324 279 899 454 968 213 353 638 969 961 512 890 6 510 752 725 614 
881 297 455 716 230 287 532 264 558 256 389 918 991 907 119 948 737 305 814 106 986 538 212 622 789 320 84 617 674 480 100 246 129 658 545 830 642 153 889 222 124 596 762 457 690 466 900 411 873 227 971 923 934 996 616 104 935 730 829 445 87 738 190 982 604 325 893 
542 541 524 103 959 415 386 217 399 591 449 414 723 523 127 929 60 868 99 188 692 228 134 377 475 773 802 909 957 183 492 556 965 477 144 567 408 164 392 563 769 145 722 307 447 624 101 302 597 581 813 661 875 301 938 146 281 92 47 57 452 450 922 846 941 966 744 
635 920 74 238 785 850 626 379 497 708 63 78 794 640 22 286 720 503 77 259 478 208 529 162 219 847 839 701 468 983 712 303 533 864 913 113 977 989 483 627 659 837 668 128 490 368 903 263 912 313 978 810 210 41 318 308 299 917 760 441 754 181 976 656 156 357 17 
154 416 734 31 69 755 46 487 278 467 465 446 807 592 400 612 710 355 657 506 998 137 235 714 605 50 530 540 273 576 678 906 647 440 892 514 766 505 39 560 18 244 64 569 706 70 872 52 215 310 382 341 874 340 255 428 262 112 169 421 175 114 620 671 185 105 25 871 
750 955 705 362 381 815 326 420 300 700 550 26 590 655 713 138 89 721 205 660 630 422 749 526 543 107 309 443 885 171 926 83 229 932 808 140 178 184 609 131 863 198 321 292 595 55 197 413 32 663 161 801 36 694 118 365 27 699 86 972 778 633 387 631 740 115 216 
919 936 427 844 561 370 239 537 513 803 852 939 688 887 109 502 338 950 372 82 435 751 380 791 765 1 152 231 122 456 275 319 602 586 130 344 698 4 501 472 75 777 342 652 670 44 150 48 867 151 594 34 7 199 854 396 797 358 952 639 504 790 291 691 280 870 796 650 
943 800 37 12 719 799 253 200 672 470 9 727 337 880 260 117 312 833 636 878 988 876 166 551 95 853 821 905 459 884 79 573 194 236 772 764 792 745 578 916 784 257 201 993 242 544 493 499 363 828 254 347 804 519 882 930 603 757 409 163 686 476 756 202 474 
709 718 54 862 648 981 42 954 599 997 782 911 189 102 132 98 11 59 21 247 223 697 914 250 680 809 539 62 203 848 836 66 776 375 404 471 534 304 207 579 819 220 717 795 726 715 927 511 356 628 897 448 488 951 8 334 999 191 195 432 517 675 842 251 148 186 
753 430 482 859 973 261 282 634 332 277 410 226 288 38 908 520 937 489 139 575 136 891 177 170 831 940 225 962 68 565 434 547 994 805 946 761 758 667 748 549 582 979 108 491 987 768 610 928 841 29 786 276 232 587 258 895 711 835 623 516 629 405 248 851 731 
673 888 508 901 45 391 732 963 479 669 584 453 88 812 431 840 123 677 30 649 423 834 568 494 371 268 412 120 910 613 984 849 204 921 314 94 10 49 424 707 877 771 555 345 461 559 838 20 860 237 985 361 980 857 76 570 359 272 924 473 684 574 683 56 693 
644 158 992 733 995 637 352 143 149 402 572 269 739 294 682 925 641 388 827 588 865 15 335 241 495 598 293 618 546 606 894 970 515 349 13 245 728 742 159 296 53 743 615 295 196 589 85 330 687 665 285 704 619 861 553 19 798 417 498 806 458 509 403 350 360 
826 967 685 71 611 378 97 869 557 206 374 817 562 289 346 174 364 463 383 24 267 43 793 632 823 65 496 746 167 566 80 328 779 689 583 317 367 904 643 735 3 856 759 703 767 240 5 736 147 527 528 525 221 168 73 843 33 329 816 531 61 763 500 180 141 601 
462 990 464 394 418 179 35 28 111 266 536 290 284 953 176 437 135 369 333 883 548 780 902 679 133 486 209 67 376 695 351 233 96 193 621 949 741 155 811 593 316 896 469 960 898 783 339 775 825 433 944 426 879 398 832 142 385 40 564 518 958 224 354 942 676 