3748
279 808 32 595 945 36 187 243 324 293 845 666 89 438 173 118 484 274 116 292 444 172 637 352 6 824 577 138 681 393 161 454 229 694 72 86 353 598 699 413 890 961 818 397 2 655 300 728 165 608 442 663 801 390 51 315 700 27 770 515 899 915 633 160 245 184 306 
448 717 191 5 334 80 816 356 793 304 951 986 251 566 684 11 924 153 907 690 466 102 848 54 726 457 471 195 534 715 616 186 167 531 927 8 779 222 43 267 62 836 132 759 809 432 404 718 148 545 203 66 981 849 488 776 897 539 42 473 106 511 795 628 999 124 601 
683 93 384 664 348 343 213 842 248 625 98 696 90 645 108 489 885 476 327 756 947 634 202 954 979 211 81 401 964 554 693 331 373 407 430 774 507 443 395 460 574 272 520 651 10 204 547 125 994 491 56 451 709 332 648 891 973 192 429 590 859 23 702 653 336 788 550 
615 83 85 750 228 589 60 949 19 422 127 198 570 543 330 458 861 773 926 509 362 469 291 825 980 107 526 339 307 196 783 417 812 660 321 896 721 350 361 131 403 775 447 360 359 692 475 381 523 722 815 713 205 743 630 929 749 171 624 806 101 498 420 316 960 741 687 
257 928 772 254 283 603 464 985 214 729 201 882 242 869 956 249 787 857 866 157 58 218 610 94 298 236 814 931 792 406 76 822 14 764 921 974 828 494 881 571 425 781 855 990 84 270 805 480 568 519 662 654 930 424 366 686 521 234 580 163 552 988 600 314 481 237 646 
529 70 113 794 659 533 63 259 989 162 976 278 400 847 592 983 263 755 668 490 378 912 807 837 286 872 18 710 467 219 303 69 514 368 77 627 612 720 497 483 446 487 505 903 766 913 503 64 465 379 181 978 977 313 839 864 22 478 708 712 208 701 506 706 569 560 640 
459 166 177 582 748 9 470 674 876 544 363 253 884 139 905 672 993 573 474 987 799 516 821 337 200 79 194 68 405 551 800 895 493 761 727 804 37 851 757 410 117 629 731 499 880 623 409 463 943 276 719 260 565 916 434 784 95 853 312 841 835 962 617 12 347 667 768 
679 319 151 967 652 883 952 780 427 456 803 698 472 333 902 44 564 358 777 256 130 650 34 396 867 518 870 369 239 562 221 275 370 48 919 602 548 342 501 854 558 40 199 797 380 7 4 97 280 528 586 936 122 75 670 231 958 537 817 344 594 611 639 133 150 504 206 
235 185 74 17 50 785 428 810 210 416 635 156 238 340 262 998 154 52 656 671 657 215 128 760 906 137 626 78 421 299 273 530 734 105 169 41 39 620 308 244 920 892 874 175 24 647 440 576 917 714 382 114 850 31 112 25 678 46 341 355 605 540 357 255 871 310 318 
452 957 644 223 49 898 492 782 631 877 143 618 349 965 146 392 925 13 250 966 846 164 697 802 567 281 269 740 556 995 972 189 145 563 57 477 862 909 922 992 247 408 744 55 707 546 778 769 997 599 216 941 914 183 158 365 302 144 739 450 606 115 387 911 938 301 
619 609 335 449 285 798 92 197 970 894 217 621 377 813 415 296 99 188 295 140 15 103 593 159 388 665 542 811 47 414 682 868 53 733 553 944 581 524 241 597 875 932 827 541 704 959 863 661 149 641 723 399 155 193 386 591 742 294 495 326 178 134 865 402 572 588 
555 207 559 840 680 455 893 168 423 374 669 716 453 732 21 677 325 826 843 230 59 329 838 982 345 819 517 991 888 268 123 33 910 508 30 371 391 412 613 88 220 45 431 834 73 860 579 649 71 771 375 190 685 584 525 604 901 963 984 738 461 20 675 673 120 479 
170 232 91 510 16 277 29 820 725 753 711 271 614 587 261 482 38 512 607 323 752 182 282 638 26 522 975 745 878 908 436 126 833 265 705 636 886 226 858 252 578 225 968 535 419 955 747 940 485 439 309 575 933 937 311 724 322 110 288 121 831 136 585 258 786 969 
297 918 939 946 142 441 1 109 290 376 751 351 513 754 354 796 887 765 557 372 844 209 266 426 67 879 82 437 135 502 953 152 468 561 111 486 176 96 852 284 28 691 462 179 950 287 338 695 942 791 790 676 398 688 224 385 35 435 233 433 832 536 418 532 389 394 
658 935 889 934 767 147 642 328 948 643 622 971 762 367 996 305 900 3 212 758 346 823 61 789 411 549 500 538 689 445 737 65 383 632 100 246 364 527 119 87 763 227 320 104 904 923 746 174 317 703 730 264 129 873 735 830 583 496 141 829 289 736 240 856 180 596 
