1256
66 195 132 836 709 8 648 776 10 842 11 76 204 334 718 782 911 272 848 849 914 531 148 981 473 539 924 94 862 927 98 356 997 102 424 42 684 877 432 628 54 951 568 954 251 189 191 511 
832 513 67 7 199 456 396 844 398 209 82 338 852 854 791 919 152 537 34 290 803 486 231 936 426 427 939 44 109 239 751 879 561 370 435 372 437 502 950 887 376 122 
384 512 2 770 899 645 6 265 271 274 915 279 407 535 419 165 554 172 306 51 947 436 820 693 438 311 439 56 696 824 442 315 574 192 961 322 578 323 451 324 964 454 327 72 968 585 969 845 975 724 213 725 343 90 91 348 93 608 353 484 485 614 745 747 110 752 886 121 890 507 252 125 126 510 638 
896 769 386 898 773 134 775 392 523 524 909 399 783 144 145 146 403 661 408 281 922 155 541 414 542 415 417 929 802 164 806 938 811 556 301 813 941 302 47 307 563 692 949 183 567 57 825 60 188 316 957 447 959 960 193 449 450 452 581 965 966 458 846 591 593 722 339 723 469 597 217 475 92 477 350 99 228 868 101 741 103 360 744 875 492 621 624 498 377 509 127 
128 514 262 647 137 906 656 17 273 657 530 917 278 25 154 156 540 31 671 416 421 678 39 41 169 810 299 428 46 175 50 308 310 440 185 318 576 706 708 714 78 210 850 340 341 605 734 355 357 998 871 105 874 235 620 112 114 755 244 760 505 506 379 892 382 766 255 
772 390 646 774 393 521 522 395 651 397 653 781 14 270 654 16 401 787 788 406 662 23 664 666 283 157 160 931 933 552 425 681 298 683 173 429 945 818 182 822 58 187 571 444 956 702 577 580 331 460 974 336 81 211 214 855 600 729 985 218 858 607 481 866 234 236 237 366 625 243 116 373 249 764 
256 3 5 264 779 267 525 527 528 532 789 24 793 538 287 33 289 545 549 805 297 43 557 558 814 305 817 562 566 823 826 61 317 829 830 320 65 325 71 583 328 73 329 843 80 84 596 87 856 601 346 604 97 611 100 869 104 616 617 873 106 364 622 367 881 374 119 632 889 378 124 893 383 129 642 643 900 904 907 141 658 147 153 411 923 674 934 167 935 168 685 174 689 690 946 180 948 445 190 703 455 967 457 971 716 206 463 466 212 982 730 986 221 222 735 991 480 736 737 738 227 996 230 746 240 496 500 246 758 759 761 762 763 767 
258 260 136 9 905 12 784 276 916 792 667 799 672 800 930 804 37 166 686 943 177 434 565 821 312 828 573 575 831 194 835 711 200 459 79 719 337 851 853 470 727 347 603 731 363 748 493 623 880 882 884 117 248 253 254 895 
641 387 388 778 13 526 15 402 663 665 285 925 159 543 161 801 546 36 293 294 295 296 682 687 53 694 699 572 704 196 330 970 972 589 85 86 598 216 728 349 606 739 995 740 229 742 743 618 107 619 365 749 495 241 115 245 118 630 631 633 
464 389 918 394 462 990 
1 385 130 4 133 518 902 135 777 266 650 652 780 142 275 150 790 151 280 536 28 284 796 797 670 418 35 291 548 676 679 40 942 48 176 688 944 433 179 691 564 695 952 953 698 958 319 586 75 333 594 342 344 472 602 351 96 224 354 867 358 870 233 111 369 883 501 504 380 765 639 
640 259 263 903 400 912 529 785 913 18 659 533 22 920 794 668 286 162 807 303 560 52 181 313 441 569 701 446 63 64 69 837 70 710 839 712 74 77 847 208 592 720 976 465 977 978 467 468 215 983 219 989 478 864 483 612 487 872 490 238 368 113 497 626 754 627 503 635 
131 515 644 138 140 269 143 655 19 660 149 26 27 413 158 798 926 32 292 420 932 422 550 808 553 171 300 815 178 309 55 184 443 827 955 700 321 705 197 198 326 713 588 205 590 335 721 83 595 89 733 861 863 352 992 609 865 615 362 750 885 381 637 894 
768 257 516 261 519 520 139 908 786 277 405 409 282 410 29 288 544 928 163 547 38 551 937 170 940 430 833 962 68 582 201 841 202 587 332 973 979 474 859 987 476 988 95 225 993 226 482 610 994 232 489 491 108 876 878 753 242 499 756 629 757 634 891 636 
897 771 517 901 391 649 268 910 20 404 21 534 921 795 412 669 30 673 675 677 423 680 809 555 812 45 431 559 304 816 49 819 697 186 314 570 59 62 448 834 579 707 963 453 838 584 840 203 715 461 717 207 980 726 471 599 88 984 345 857 732 220 860 223 479 613 359 999 488 361 494 371 247 375 120 888 250 123 508 
