1780
1 765 695 791 380 28 111 35 179 418 953 176 518 958 564 870 504 790 284 691 291 433 944 879 426 398 832 351 536 275 319 586 602 679 133 150 902 780 472 4 501 130 698 344 370 396 854 34 199 7 239 537 844 427 936 561 919 231 152 950 435 751 372 82 67 376 939 109 338 852 502 803 513 887 486 209 290 437 135 96 233 266 942 676 224 354 796 650 688 385 142 358 797 639 952 280 342 151 594 867 48 548 883 333 369 40 75 777 670 652 44 456 122 
394 462 
783 806 458 417 498 339 960 898 144 408 392 567 744 966 846 452 57 922 477 965 492 556 802 957 183 909 450 281 146 941 47 92 302 597 813 581 593 875 661 938 301 769 563 145 164 775 825 101 403 509 350 447 475 773 929 377 134 188 868 692 228 307 624 896 469 316 360 127 523 60 723 414 415 399 217 155 811 193 621 722 949 741 103 959 542 386 541 524 591 449 99 
21 223 247 599 680 250 911 189 914 697 707 838 860 20 314 980 361 359 570 857 76 842 849 718 54 709 862 648 11 98 954 195 42 981 927 628 511 951 334 488 220 819 375 471 404 304 534 816 717 795 726 715 531 432 251 684 924 473 148 186 568 371 494 834 431 345 461 771 840 123 555 508 673 901 45 963 391 732 479 453 88 669 584 812 559 59 268 613 984 120 910 412 776 66 848 836 539 62 203 809 999 191 897 448 356 8 102 132 579 207 888 423 677 30 649 675 517 204 10 424 877 782 997 921 94 49 272 
234 425 866 58 571 343 436 348 211 788 696 336 401 373 395 90 407 507 93 121 535 585 271 975 323 23 81 625 774 429 460 855 931 481 14 654 787 646 283 366 393 438 484 2 608 824 165 72 770 173 274 845 702 683 574 327 110 419 820 512 968 961 614 725 322 747 752 510 6 890 454 324 279 899 915 577 681 390 116 818 945 666 187 444 552 974 218 729 249 521 653 764 270 600 298 406 580 16 858 182 607 126 311 91 252 724 745 578 933 664 522 331 651 693 192 56 964 451 638 969 265 213 384 645 554 125 947 439 485 886 172 397 243 442 160 306 315 353 51 214 822 781 956 
157 662 749 630 83 422 721 713 89 655 138 515 595 808 184 178 140 863 609 131 198 26 590 550 321 300 420 381 362 750 705 955 700 413 32 699 365 27 637 352 293 598 618 546 972 778 216 115 387 245 728 631 740 53 296 295 196 615 743 687 742 85 589 665 285 553 798 19 885 171 309 443 865 326 932 894 606 970 159 682 641 294 495 241 827 388 335 588 158 992 644 143 149 55 197 292 118 694 161 86 801 633 36 229 526 107 543 926 330 861 815 660 205 663 349 13 619 704 572 402 15 733 269 739 995 925 
659 303 864 533 529 162 465 807 446 467 259 77 478 208 487 69 278 734 755 46 154 210 810 31 41 318 299 175 760 308 340 874 341 428 255 17 357 112 262 78 920 74 156 238 785 635 63 978 313 22 640 379 497 708 794 286 400 416 592 612 710 219 847 837 872 70 244 235 714 540 678 440 906 656 647 605 50 998 355 657 506 706 569 310 382 52 215 712 505 39 18 701 839 483 989 490 913 113 977 720 64 560 514 766 892 983 468 627 976 668 912 263 181 503 368 903 626 850 128 917 137 114 421 169 620 671 185 105 530 273 576 871 25 
748 253 799 672 719 12 727 337 9 470 312 117 194 573 884 79 943 37 800 623 835 731 711 258 587 277 410 405 226 288 908 38 482 753 430 973 634 332 261 282 491 987 757 474 202 756 582 434 409 804 828 254 792 882 603 930 686 565 476 177 831 489 139 248 575 136 667 895 232 29 276 516 629 878 786 636 833 937 520 108 979 163 988 841 544 95 551 363 499 493 993 242 257 201 928 610 768 519 347 880 260 962 68 225 940 170 547 994 891 851 905 459 821 784 200 916 853 166 876 859 
236 772 
237 985 
990 464 
389 918 
814 881 297 480 617 129 658 246 538 227 971 737 106 986 212 622 948 305 119 716 264 455 230 532 558 256 221 562 817 374 206 97 611 378 826 967 685 71 763 168 528 329 33 525 287 84 674 761 758 383 746 823 632 496 346 180 856 3 735 643 411 873 320 789 904 689 317 583 147 767 240 703 923 934 996 616 759 736 527 367 549 829 730 445 87 843 73 190 982 893 325 604 738 991 907 935 104 61 289 174 364 65 328 779 80 566 43 793 601 889 153 545 596 762 124 466 267 24 463 222 690 830 642 500 141 167 5 100 900 457 
805 946 557 869 
754 441 
