1283
990 157 236 237 464 662 772 985 
667 29 37 79 200 232 253 258 276 470 587 623 672 711 719 727 731 748 784 786 799 800 835 851 878 884 895 916 943
926 15 19 13 26 27 32 36 53 55 83 85 86 89 107 115 118 131 138 140 143 149 158 159 161 171 178 184 196 197 198 205 216 229 241 245 269 285 292 293 294 295 296 300 309 321 326 330 335 349 352 362 365 381 387 388 402 413 420 422 443 495 515 526 543 546 550 553 572 588 589 590 595 598 606 609 615 618 619 630 631 633 637 641 644 655 660 663 665 682 687 694 699 700 704 705 713 721 728 733 739 740 742 743 749 750 778 798 801 808 815 827 861 863 865 885 894 925 932 955 970 972 992 995 
449 99 103 134 146 188 228 307 377 399 414 447 450 475 492 524 541 542 692 723 773 802 868 909 922 929 957 959 965 
359 8 10 11 20 21 30 42 45 49 54 59 62 66 76 88 94 98 102 120 123 132 148 186 189 191 195 203 204 207 220 223 247 250 251 268 272 304 314 334 345 356 361 371 375 391 404 412 423 424 431 432 448 453 461 471 473 479 488 494 508 511 517 531 534 539 555 559 568 570 579 584 599 613 628 648 649 669 673 675 677 680 684 697 707 709 715 717 718 726 732 771 776 782 795 809 812 816 819 834 836 838 840 842 848 849 857 860 862 877 888 897 901 910 911 914 921 924 927 951 954 963 980 981 984 997 999 
591 47 57 92 145 164 183 281 301 302 452 477 556 563 567 581 593 597 661 744 769 813 846 875 938 941 966 
847 17 18 22 25 31 39 41 46 50 52 63 64 69 70 74 77 78 105 112 113 114 128 137 154 156 162 169 175 181 185 208 210 215 219 235 238 244 255 259 262 263 273 278 286 299 303 308 310 313 318 340 341 355 357 368 379 382 400 416 421 428 440 446 465 467 468 478 483 487 490 497 503 505 506 514 529 530 533 540 560 569 576 592 605 612 620 626 627 635 640 647 656 657 659 668 671 678 701 706 708 710 712 714 720 734 755 760 766 785 794 807 810 837 839 850 864 871 872 874 892 903 906 912 913 917 920 976 977 978 983 989 998 
248 38 136 139 170 177 202 225 226 261 277 288 405 410 430 476 482 489 516 547 582 629 634 636 753 756 831 833 859 876 891 908 937 940 973 994 
730 3 5 24 33 43 61 65 71 73 80 84 87 97 100 104 106 119 124 129 141 147 153 167 168 174 180 190 206 212 221 222 227 230 240 246 256 264 267 287 289 297 305 317 320 325 328 329 346 364 367 374 378 383 411 445 455 457 463 466 480 496 500 525 527 528 532 538 545 549 557 558 562 566 583 596 601 604 611 616 617 622 632 642 643 658 674 685 689 690 703 716 735 736 737 738 746 758 759 761 762 763 767 779 789 793 805 814 817 823 826 829 830 843 856 869 873 881 889 893 900 904 907 923 934 935 946 948 967 971 982 986 991 996 
575 9 12 68 95 108 117 163 166 194 201 242 254 257 260 282 312 332 337 347 363 409 434 459 474 491 493 499 519 520 544 551 565 573 603 610 686 757 768 792 804 821 828 841 853 880 882 905 928 930 962 979 987 988 993 
444 14 16 23 56 58 81 90 116 125 173 187 192 211 213 214 218 234 249 265 270 298 331 336 343 348 373 384 390 395 401 406 407 425 429 436 451 460 481 507 521 522 552 554 571 574 580 600 625 645 651 653 654 664 666 683 693 696 702 729 764 781 787 788 818 822 845 855 866 931 933 945 947 956 974 
415 60 101 127 144 155 193 217 316 339 350 360 386 392 403 408 417 458 469 498 509 523 621 624 722 741 775 783 806 811 825 896 898 949 960 
510 2 6 51 72 91 93 110 121 126 160 165 172 182 243 252 271 274 279 283 306 311 315 322 323 324 327 353 366 393 397 419 438 439 442 454 484 485 512 535 577 578 585 607 608 614 638 646 681 724 725 745 747 752 770 774 820 824 858 886 890 899 915 961 964 968 969 975 
854 1 4 7 34 40 44 48 67 75 82 96 109 122 130 133 135 142 150 151 152 176 199 209 224 231 233 239 266 275 280 284 290 291 319 333 338 342 344 351 354 358 369 370 372 376 385 396 398 426 427 433 435 456 472 486 501 502 504 513 518 536 537 548 561 564 586 594 602 639 650 652 670 676 679 688 691 695 698 751 765 777 780 790 796 797 803 832 844 852 867 870 879 883 887 902 919 936 939 944 950 952 958 
389 28 35 111 179 380 394 418 437 441 462 754 791 918 942 953 
