1238
6 16 23 56 58 81 90 91 93 110 121 125 126 192 211 213 234 252 265 271 311 322 323 327 331 336 343 348 373 384 395 401 407 419 425 436 439 451 454 485 507 510 512 522 535 554 571 574 578 585 607 614 638 645 651 664 693 696 724 725 745 747 752 788 820 858 866 886 890 933 947 956 961 964 968 969 975 
2 14 51 72 116 160 165 172 173 182 187 214 218 243 249 270 274 279 283 298 306 315 324 353 366 390 393 397 406 429 438 442 444 460 481 484 521 552 577 580 600 608 625 646 653 654 666 681 683 702 729 764 770 774 781 787 818 822 824 845 855 899 915 931 945 974 
8 21 30 45 59 62 66 88 102 120 132 191 203 207 220 223 247 250 268 304 334 356 375 391 404 412 423 448 453 471 479 488 508 511 534 539 555 579 599 613 628 649 669 673 677 680 717 726 732 776 795 809 816 819 836 848 888 897 901 910 927 951 963 984 999 
60 101 127 134 144 155 188 193 217 228 307 316 339 350 360 377 392 399 403 408 414 415 417 447 458 469 475 498 509 523 621 624 692 722 723 741 773 775 783 806 825 868 896 898 929 949 960 
38 68 95 108 163 166 200 201 202 242 254 257 260 261 282 332 347 363 409 430 434 459 474 482 491 493 499 519 520 544 551 565 573 603 610 634 686 753 757 768 784 792 804 821 828 841 853 859 876 880 882 905 908 916 928 930 937 962 973 979 987 988 993 
15 19 26 27 53 55 131 140 143 149 158 159 171 178 184 197 198 241 269 285 292 294 296 309 321 326 335 352 388 402 443 495 546 553 572 588 595 609 618 619 637 641 644 665 682 704 733 739 778 798 808 815 827 861 863 865 885 894 925 932 970 972 992 995 
13 32 36 83 85 86 89 107 115 118 138 161 196 205 216 229 245 293 295 300 330 349 362 365 381 387 413 420 422 515 526 543 550 589 590 598 606 615 630 631 633 655 660 663 687 694 699 700 705 713 721 728 740 742 743 749 750 801 926 955 
389 394 418 441 462 754 918 
3 5 24 33 43 61 65 71 73 80 84 87 97 100 104 106 119 124 129 141 147 153 167 168 174 180 190 206 212 221 222 227 230 240 246 256 264 267 287 289 297 305 317 320 325 328 329 346 364 367 374 378 383 411 445 455 457 463 466 480 496 500 525 527 528 532 538 545 549 557 558 562 566 583 596 601 604 611 616 617 622 632 642 643 658 674 685 689 690 703 716 730 735 736 737 738 746 758 759 761 762 763 767 779 789 793 805 814 817 823 826 829 830 843 856 869 873 881 889 893 900 904 907 923 934 935 946 948 967 971 982 986 991 996 
9 12 29 37 79 117 136 139 170 177 194 225 226 232 248 253 258 276 277 288 312 337 405 410 470 476 489 516 547 575 582 587 623 629 636 667 672 711 719 727 731 748 756 786 799 800 831 833 835 851 878 884 891 895 940 943 994 
10 11 20 42 49 54 76 94 98 123 148 186 189 195 204 251 272 314 345 359 361 371 424 431 432 461 473 494 517 531 559 568 570 584 648 675 684 697 707 709 715 718 771 782 812 834 838 840 842 849 857 860 862 877 911 914 921 924 954 980 981 997 
157 236 237 464 662 772 985 990 
17 18 22 25 31 39 41 46 50 52 63 64 69 70 74 77 78 105 112 113 114 128 137 154 156 162 169 175 181 185 208 210 215 219 235 238 244 255 259 262 263 273 278 286 299 303 308 310 313 318 340 341 355 357 368 379 382 400 416 421 428 440 446 465 467 468 478 483 487 490 497 503 505 506 514 529 530 533 540 560 569 576 592 605 612 620 626 627 635 640 647 656 657 659 668 671 678 701 706 708 710 712 714 720 734 755 760 766 785 794 807 810 837 839 847 850 864 871 872 874 892 903 906 912 913 917 920 976 977 978 983 989 998 
47 57 92 99 103 145 146 164 183 281 301 302 386 449 450 452 477 492 524 541 542 556 563 567 581 591 593 597 661 744 769 802 811 813 846 875 909 922 938 941 957 959 965 966 
1 4 7 28 34 35 40 44 48 67 75 82 96 109 111 122 130 133 135 142 150 151 152 176 179 199 209 224 231 233 239 266 275 280 284 290 291 319 333 338 342 344 351 354 358 369 370 372 376 380 385 396 398 426 427 433 435 437 456 472 486 501 502 504 513 518 536 537 548 561 564 586 594 602 639 650 652 670 676 679 688 691 695 698 751 765 777 780 790 791 796 797 803 832 844 852 854 867 870 879 883 887 902 919 936 939 942 944 950 952 953 958 
