2202
240, 762, 482, 430, 753, 994
679, 44, 82, 109, 28, 953, 4, 290, 111, 344, 635, 396, 456, 950, 751, 370, 1, 63, 441, 369, 338, 486, 936, 785, 468, 695, 376, 919, 844, 887, 561, 803, 502, 483, 152, 35, 490, 179, 67, 978, 238, 537, 920, 983, 351, 791, 156, 977, 435, 380, 720, 754, 913, 852, 626, 939, 122, 78, 113, 262, 668, 513, 765, 989, 209, 74, 112, 372
777, 650, 130, 350, 867, 780, 398, 224, 472, 691, 676, 879, 135, 688, 142, 462, 199, 594, 504, 418, 433, 7, 639, 698, 518, 342, 291, 797, 354, 790, 233, 602, 523, 670, 319, 501, 239, 832, 942, 284, 385, 796, 176, 564, 536, 426, 586, 944, 34, 275, 427, 231, 437, 870, 96, 358, 394, 958, 266, 854, 952, 280
689, 923, 445, 230, 758, 823, 141, 457, 996, 222, 789, 674, 61, 320, 690, 814, 549, 893, 168, 826, 100, 557, 167, 221, 500, 658, 532, 829, 735, 174, 24, 830, 43, 119, 759, 525, 3, 147, 685, 982, 378, 900, 616, 545, 738, 496, 346, 643, 889, 383, 873, 596, 817, 622, 246, 264, 328, 190, 367, 124, 538, 566, 528, 180, 106, 793, 129, 374, 601, 364, 267, 463, 73, 5, 617, 562, 767, 737, 71, 104, 986, 611, 289, 287, 466, 703, 317, 527, 558, 967, 907, 856, 80, 971, 227, 948, 763, 256, 604, 805, 761, 904, 935, 736, 411, 583, 65, 305, 642
507, 410, 908, 38, 232, 29, 731, 225, 258, 786, 772, 405, 288, 895, 277, 940, 226, 711, 833, 587, 636, 937, 236
10, 345, 189, 985, 361, 990, 464, 237
212, 201, 962, 166, 520, 282, 979, 276, 516, 332, 757, 878, 841, 493, 768, 544, 973, 363, 821, 163, 200, 993, 853, 551, 629, 905, 202, 474, 459, 573, 987, 784, 499, 257, 519, 876, 108, 634, 928, 491, 835, 242, 68, 988, 884, 95, 347, 610, 261, 859
917, 79, 943, 37, 714, 337, 478, 506, 576, 530, 137, 114, 310, 244, 194, 623, 9, 416, 706, 440, 871, 208, 671, 308, 428, 514, 497, 850, 912, 70, 105, 810, 916, 837, 263, 31, 446, 46, 355, 710, 976, 181, 255, 708, 864, 260, 22, 12, 560, 766, 39, 299, 470, 847, 678, 906, 313, 235, 760, 50, 647, 400, 656, 467, 734, 41, 903, 379, 64, 52, 794, 807, 880, 312, 185, 117, 569, 465, 273, 154, 421, 219, 341, 77, 128, 357, 505, 175, 487, 259, 605, 210, 286, 640, 162, 874, 382, 672, 540, 872, 748, 755, 612, 17, 215, 620, 318, 169, 340, 253, 368, 592, 503, 657, 799, 998, 278, 529, 69, 25, 892
787, 725, 638, 327, 81, 393, 165, 56, 702, 274, 781, 429, 454, 192, 890, 439, 336, 271, 187, 348, 72, 945, 653, 373, 419, 442, 554, 322, 125, 729, 126, 6, 58, 90, 323, 407, 820, 51, 947, 866, 724, 600, 384, 969, 535, 646, 788, 585, 764, 93, 270, 964, 91, 485, 343, 252, 770, 315, 265, 666, 173, 331, 822, 974, 818, 172, 521, 614, 745, 664, 116, 436, 774, 211, 968, 311, 353, 845, 933, 243, 401, 279, 975, 397, 234, 625, 931, 654, 645, 752, 406, 662, 915, 961, 121, 696, 484, 683, 460, 157, 651, 2, 438, 160, 298, 899, 425, 110, 956, 552, 747, 213, 366, 824, 522, 390, 182, 510, 580, 324, 855, 512, 444, 858, 681, 608, 16, 481, 283, 23, 218, 451, 395, 574, 693, 886, 214, 577, 607, 249, 571, 578, 14, 306
771, 559, 404, 101, 909, 868, 307, 228, 692, 447, 183, 802, 957, 624
718, 568, 860, 88, 62, 334, 511, 148, 123, 30, 304, 431, 20, 8, 910, 21, 963, 555, 45, 954, 220, 473, 911, 927, 819, 649, 531, 809, 494, 251, 842, 247, 795, 901, 42, 848, 479, 250, 448, 707, 897, 359, 984, 268, 914, 94, 204, 98, 877, 816, 776, 423, 203, 391, 59, 669, 980, 675, 432, 697, 726, 599, 732, 709, 999, 272, 517, 613, 840, 207, 862, 66, 782, 453, 461, 186, 102, 314, 195, 648, 673, 677, 471, 888, 812, 120, 924, 375, 54, 356, 680, 981, 223, 488, 132, 570, 11, 508, 849, 628, 584, 834, 715, 951, 997, 836, 76, 838, 539, 684, 49, 921, 371, 424, 579, 534, 412, 857, 191, 717
85, 377, 492, 399, 556, 949, 301, 477, 723, 99, 408, 155, 452, 597, 965, 744, 339, 57, 193, 922, 415, 475, 741, 773, 846, 898, 360, 775, 449, 896, 591, 458, 403, 498, 959, 783, 144, 811, 938, 281, 127, 92, 769, 509, 542, 621, 722, 60, 563, 217, 316, 469, 593, 661, 960, 581, 47, 302, 806, 386, 188, 417, 164, 450, 541, 146, 145, 929, 392, 825, 414, 813, 941, 875, 103, 966, 524, 134, 567
107, 713, 495, 660, 655, 926, 533, 365, 641, 739, 721, 663, 198, 970, 955, 728, 140, 712, 740, 131, 598, 694, 19, 633, 606, 18, 138, 750, 515, 184, 863, 589, 115, 627, 13, 701, 205, 158, 894, 687, 609, 387, 865, 733, 269, 245, 197, 861, 413, 443, 618, 335, 705, 700, 590, 309, 296, 349, 27, 972, 53, 89, 171, 326, 161, 321, 83, 659, 300, 178, 546, 292, 588, 241, 402, 422, 595, 665, 86, 615, 778, 742, 630, 553, 196, 932, 143, 992, 619, 572, 704, 295, 682, 743, 285, 699, 293, 32, 229, 381, 55, 801, 798, 294, 543, 550, 149, 925, 330, 118, 631, 644, 388, 839, 303, 815, 216, 526, 885, 827, 637, 808, 36, 749, 420, 995, 352, 362, 159, 15, 26
632, 779, 746, 153, 869, 480, 756, 575, 177, 254, 582, 434, 882, 930, 547, 603, 804, 489, 170, 831, 409, 800, 248, 727, 828, 139, 565, 136, 686, 476, 851, 667, 891, 719, 792
325, 843, 206, 329, 84, 730, 33, 934, 716, 97, 87, 389, 297, 946, 455, 881, 991, 333, 918, 48, 75, 548, 652, 151, 902, 150, 133, 883, 40
