1240
999 981 963 914 910 816 391 707 334 951 479 488 508 836 250 888 669 223 207 203 247 897 911 717 268 453 45 819 220 191 375 423 30 649 21 8 66 88 132 42 62 680 356 59 412 795 927 120 613 673 448 732 628 471 511 539 984 555 848 579 901 599 102 534 677 559 697 189 838 776 809 
989 976 864 837 382 368 308 310 263 612 215 208 235 318 70 505 77 69 299 273 533 286 52 41 903 278 506 210 313 259 483 31 503 712 514 46 706 113 18 977 128 25 181 714 162 39 446 303 219 912 416 872 627 64 913 847 465 154 487 710 478 490 917 892 529 569 576 810 400 592 657 659 668 734 755 760 467 807 
980 954 877 862 842 361 359 371 314 304 849 251 834 345 494 49 54 123 709 195 76 10 517 840 924 11 461 186 148 272 404 424 431 921 531 473 98 857 20 997 432 94 568 570 584 675 684 715 718 726 771 782 860 648 812 204 
993 988 916 882 876 853 884 841 95 163 799 363 37 260 166 928 337 201 768 519 9 757 79 12 905 253 200 828 470 117 573 459 880 979 347 610 672 254 194 987 409 748 434 493 499 312 943 544 551 930 242 565 603 257 686 719 727 784 792 804 821 
942 939 936 883 879 844 639 372 369 867 319 518 291 398 275 501 266 333 854 944 239 224 919 96 231 342 586 385 695 358 780 40 688 82 133 536 344 209 130 652 790 199 48 887 952 7 1 777 456 852 4 67 354 284 370 280 832 151 150 152 176 472 670 44 338 513 602 426 351 691 34 435 427 650 796 561 486 950 504 502 537 676 396 548 564 902 142 433 594 958 109 870 698 679 751 75 376 765 803 233 797 
985 662 236 157 772 990 464 237 
978 906 850 983 379 540 839 340 238 998 185 605 720 357 871 255 114 635 22 105 17 244 341 262 50 428 78 678 112 560 137 656 156 169 355 63 421 440 874 468 497 708 530 920 620 175 647 671 701 640 766 626 74 785 794 
962 940 908 895 937 859 851 833 831 258 276 177 232 226 225 288 629 786 332 878 282 261 405 582 170 38 139 800 482 277 623 136 248 474 410 731 430 108 667 476 491 994 520 634 547 68 575 587 891 636 29 516 711 835 753 756 202 973 489 
964 947 933 975 343 336 327 323 322 858 271 234 439 213 406 696 764 81 407 574 14 571 121 395 373 58 93 331 23 931 16 401 664 298 747 90 384 522 265 855 125 126 311 91 192 270 724 252 110 419 425 745 436 451 460 481 788 485 56 507 510 693 554 578 580 956 585 600 607 348 211 683 866 625 645 886 654 535 651 752 820 787 
926 925 894 827 296 294 740 241 682 861 402 216 83 885 546 159 553 728 349 53 13 171 15 665 743 387 388 335 330 115 972 107 687 196 85 285 495 589 19 543 572 606 615 526 618 619 295 630 631 641 704 970 742 749 778 798 
965 959 960 949 941 922 909 898 957 868 846 825 228 386 360 302 281 597 392 621 127 477 475 47 875 377 188 414 307 773 60 164 101 217 57 339 99 661 399 92 408 350 783 316 103 134 541 145 155 938 556 403 183 193 415 523 449 722 458 723 498 447 450 452 624 741 469 692 492 509 524 811 542 563 593 567 581 591 301 417 966 802 144 744 769 775 146 806 813 896 929 
991 986 935 934 907 904 900 893 873 869 856 843 967 830 829 823 364 346 190 814 329 267 889 305 716 297 946 374 289 174 496 604 317 24 227 221 87 212 763 256 206 643 80 124 153 65 789 658 3 325 61 84 948 383 455 558 222 167 246 5 119 761 141 180 43 758 100 264 466 690 923 545 463 689 97 735 378 996 328 596 33 129 230 738 881 971 168 287 73 616 601 411 982 147 104 445 767 457 240 793 583 480 71 500 549 525 527 528 532 730 538 826 557 562 805 566 367 611 617 622 632 642 674 106 703 685 737 746 320 759 762 779 736 817 
953 918 290 394 389 380 111 28 135 754 122 418 441 179 462 35 791 437 
968 969 961 899 845 824 646 390 577 306 274 818 214 243 397 552 429 116 172 165 484 781 283 72 915 2 279 324 6 249 353 315 187 729 173 393 160 182 974 51 438 444 454 366 442 521 512 638 774 608 614 945 653 666 681 702 725 770 890 218 822 
995 955 863 362 550 750 326 932 292 269 184 365 143 205 321 86 245 36 655 713 89 55 158 131 229 808 26 140 149 309 515 352 32 992 118 637 27 590 705 300 198 293 663 801 138 161 413 178 865 739 197 420 633 694 721 443 644 700 588 595 609 660 699 422 733 598 381 815 
