3645
835 800 719 987 962 851 337 347 434 565 768 603 792 799 748 711 672 312 254 686 476 491 756 474 930 12 573 95 636 410 629 276 551 38 544 880 260 828 841 
918 389 754 462 990 441 394 464 662 157 270 249 214 218 956 187 666 444 90 56 535 436 110 407 770 845 327 645 507 93 554 964 451 899 419 265 324 279 614 702 774 51 
730 246 889 986 967 829 996 604 763 596 843 893 383 758 562 767 549 904 329 658 264 793 991 946 104 869 746 168 907 690 716 147 674 761 611 141 817 496 457 881 689 900 934 805 830 367 558 856 466 527 789 320 642 923 823 325 814 601 583 206 221 374 378 73 97 545 33 557 364 71 289 826 525 738 532 65 190 685 87 622 328 61 445 230 935 80 346 5 455 84 632 317 180 3 735 643 759 736 566 119 297 100 500 480 305 616 948 617 129 43 463 24 703 411 873 762 538 737 267 106 222 212 153 124 528 287 167 174 779 971 202 973 226 
220 834 584 432 707 613 776 819 951 628 568 648 62 132 649 675 838 461 849 375 897 579 927 862 836 559 771 669 857 860 673 534 412 45 391 250 680 479 508 21 223 247 877 123 120 207 404 816 488 359 371 304 203 186 148 334 191 66 511 356 8 251 473 42 102 981 54 11 98 539 717 809 715 726 531 
399 597 846 692 624 450 392 541 591 966 403 959 868 825 896 722 775 101 802 593 417 217 922 581 99 183 316 769 477 929 415 773 957 524 941 475 556 567 898 909 542 523 127 60 741 949 744 360 414 193 281 350 447 621 449 103 155 509 377 498 228 301 134 469 875 458 811 307 188 661 144 408 92 813 146 47 492 783 164 57 452 145 339 386 960 563 302 938 723 965 806 630 
652 586 602 372 765 796 852 780 179 670 151 284 691 351 797 867 870 751 501 942 887 944 879 958 791 919 548 936 854 380 777 34 7 396 561 239 130 370 199 952 688 152 639 4 344 537 698 427 502 176 358 266 650 803 844 472 385 338 142 75 280 513 939 109 231 376 319 342 504 44 398 564 275 291 426 679 486 48 456 209 435 133 433 150 82 518 224 883 369 1 122 40 333 233 135 96 437 111 28 902 35 950 418 354 290 536 695 594 790 832 67 676 982 240 256 953 227 
713 619 733 615 387 326 742 149 827 637 606 388 739 362 495 721 699 198 663 865 743 85 229 682 778 633 815 178 972 665 885 293 798 705 546 543 925 801 216 269 894 992 749 970 631 588 595 926 89 553 808 932 641 590 861 863 955 526 19 171 330 309 443 285 422 15 241 704 296 572 53 196 321 107 26 420 83 158 294 159 550 335 300 740 644 131 140 138 205 660 609 13 143 700 515 184 55 349 995 598 655 352 115 197 728 413 32 292 36 245 27 694 365 161 118 86 589 750 687 295 618 402 
257 363 821 884 459 905 876 853 610 882 409 519 804 9 470 727 117 194 253 623 37 79 916 166 833 878 232 288 29 786 261 163 
520 988 979 430 937 634 859 482 582 177 225 587 575 139 170 136 489 667 831 891 282 
994 757 547 940 908 731 248 895 516 499 993 493 242 201 108 68 332 753 405 277 258 943 200 784 928 
651 822 866 331 693 552 522 125 947 696 933 683 165 271 931 745 764 298 818 788 600 969 625 945 915 607 571 585 438 654 442 348 725 283 485 425 234 81 401 58 373 211 336 395 343 126 578 91 311 121 975 747 322 724 820 439 752 512 213 454 968 510 890 961 6 252 
997 314 840 361 570 954 924 697 963 910 268 30 453 345 921 517 848 984 423 88 732 812 431 901 795 888 999 471 494 677 448 59 599 49 20 189 424 76 10 842 94 195 684 272 709 718 204 555 980 911 782 914 
384 638 974 729 653 274 646 397 484 787 393 366 855 781 772 236 406 14 580 481 521 460 681 390 16 182 429 116 160 577 243 23 173 315 574 72 306 323 172 824 2 608 886 353 858 664 192 
503 659 41 605 635 63 620 627 105 913 478 506 505 313 529 978 760 998 983 847 162 569 710 137 766 440 874 18 810 657 734 355 755 794 989 154 678 892 917 416 720 714 530 647 977 114 712 540 839 912 368 872 533 976 592 864 514 112 262 612 299 208 357 78 17 156 920 74 871 278 255 428 238 341 465 244 708 169 175 468 185 560 64 318 235 379 421 340 128 22 668 483 50 70 576 273 497 25 39 837 263 31 210 286 181 215 400 303 52 219 490 382 487 46 69 310 259 77 903 701 467 807 671 446 308 640 850 626 113 706 656 785 906 381 
237 985 
