1935
990 236 157 662 772 237 464 985 
799 667 895 800 748 258 711 672 719 136 575 248 623 731 851 470 727 9 337 831 489 177 139 225 170 68 940 565 792 891 582 434 409 254 804 828 994 547 476 756 603 686 930 882 
166 37 253 79 232 916 276 784 200 943 29 786 587 878 884 905 853 459 12 835 821 516 226 629 405 288 117 312 876 194 573 636 277 410 833 363 260 95 38 908 551 499 493 880 544 962 937 201 993 242 257 347 988 282 753 482 928 841 261 332 987 491 430 520 634 757 202 859 973 108 474 979 610 768 519 163 
820 51 725 886 961 614 724 510 160 747 393 322 438 2 484 172 485 439 607 126 182 858 323 23 16 81 522 
138 292 955 131 118 609 32 413 86 184 197 161 365 699 27 55 863 178 694 663 149 808 801 293 598 633 245 229 387 618 728 115 778 216 631 349 740 13 
766 530 25 755 871 46 310 355 706 657 998 569 506 278 185 105 734 810 446 50 605 647 273 421 382 114 807 154 576 31 137 210 169 69 416 52 917 612 592 465 620 467 540 215 487 710 671 219 440 318 714 39 162 678 41 760 892 235 340 175 299 208 308 847 478 77 712 505 400 514 529 906 259 70 244 341 18 874 128 656 255 872 640 379 497 286 428 533 17 864 503 368 357 837 64 560 303 708 701 839 659 794 626 850 903 983 22 490 483 989 785 63 112 635 913 78 262 978 627 74 920 313 912 238 156 977 113 263 976 668 181 720 468 
945 279 442 899 306 454 243 608 366 353 397 324 283 824 315 165 915 577 72 646 274 429 845 681 173 774 390 116 625 787 187 855 460 654 931 666 702 481 683 444 14 818 580 521 653 600 552 218 729 249 270 298 974 764 781 822 214 406 
348 890 6 752 252 968 512 311 91 419 969 638 770 745 578 975 265 271 585 110 964 121 213 327 535 451 93 507 574 664 933 384 407 56 90 947 58 373 571 192 401 343 336 693 696 395 436 645 331 125 788 211 554 234 956 425 866 651 
687 700 590 26 198 550 140 705 205 637 321 352 143 655 750 595 300 89 660 36 443 309 515 713 362 644 420 721 381 865 995 326 269 588 992 932 158 739 815 422 733 546 171 894 83 972 606 630 970 526 543 335 107 615 885 926 196 159 682 294 641 925 495 295 241 19 827 53 749 285 296 553 388 743 85 572 619 665 15 704 798 330 742 861 589 402 
129 389 918 907 991 
966 783 813 806 722 458 417 811 392 621 193 593 498 661 898 875 960 155 316 217 360 103 542 741 949 399 127 134 60 523 929 773 415 723 414 
536 441 754 462 751 394 791 435 67 803 376 372 380 950 486 28 82 418 152 209 122 290 456 111 502 695 437 35 338 852 939 1 179 765 109 233 96 135 887 513 44 832 351 398 561 275 426 936 266 369 879 844 150 537 427 919 133 333 953 231 679 319 602 586 691 790 176 548 284 504 902 944 883 518 433 942 370 564 40 870 291 48 958 344 780 224 698 594 151 797 676 385 75 867 342 396 239 472 142 358 354 688 7 854 34 650 639 796 777 130 670 4 199 952 280 652 501 
525 246 814 881 674 538 297 457 222 463 690 480 900 946 658 617 805 267 124 869 761 24 84 227 557 466 758 971 762 830 100 737 106 986 383 545 596 746 455 685 716 889 153 287 320 119 566 642 789 826 793 873 212 500 264 601 967 411 43 532 305 622 558 230 378 97 71 611 948 779 141 823 80 643 328 632 583 147 856 735 763 904 3 689 180 221 65 496 104 61 935 256 329 549 317 367 346 817 527 562 829 730 364 33 168 167 767 174 374 528 240 923 934 703 736 445 289 996 5 87 325 893 206 982 738 190 759 843 604 616 73 
450 145 563 164 597 769 301 302 581 825 744 846 408 144 339 452 92 567 938 775 941 47 57 624 896 469 101 541 386 146 509 281 909 959 403 922 524 183 492 307 965 957 477 188 350 556 802 449 591 475 447 868 99 377 692 228 
649 361 94 954 98 997 782 272 980 314 76 877 921 857 10 424 862 842 648 709 11 570 359 924 204 718 54 568 20 849 186 684 148 371 473 49 251 914 189 432 494 860 517 707 812 195 675 911 461 771 697 838 840 834 981 42 715 531 431 123 345 559 726 584 836 555 304 927 404 250 669 628 848 511 776 88 59 680 534 412 334 951 471 66 816 453 268 819 599 356 375 488 8 220 247 984 910 901 102 207 479 120 21 223 999 62 613 539 191 732 203 795 579 132 508 963 717 391 673 897 448 888 809 30 423 45 677 
