1271
17 18 22 25 31 39 41 46 50 52 63 64 69 70 74 77 78 105 112 113 114 128 137 154 156 162 169 175 181 185 208 210 215 219 235 238 244 255 259 262 263 273 278 286 299 303 308 310 313 318 340 341 355 357 368 379 382 400 416 421 428 440 446 465 467 468 478 483 487 490 497 503 505 506 514 529 530 533 540 560 569 576 592 605 612 620 626 627 635 640 647 656 657 659 668 671 678 701 706 708 710 712 714 720 734 755 760 766 785 794 807 810 837 839 847 850 864 871 872 874 892 903 906 912 913 917 920 976 977 978 983 989 998 
47 57 60 92 99 101 103 127 134 144 145 146 155 164 183 188 193 217 228 281 301 302 307 316 339 350 360 377 386 392 399 403 408 414 415 417 447 449 450 452 458 469 475 477 492 498 509 523 524 541 542 556 563 567 581 591 593 597 621 624 661 692 722 723 741 744 769 773 775 783 802 806 811 813 825 846 868 875 896 898 909 922 929 938 941 949 957 959 960 965 966 
11 20 21 59 66 76 94 98 189 204 247 250 268 361 424 432 517 599 628 680 697 707 782 812 838 840 842 849 860 877 911 914 980 984 997 
87 147 227 240 325 457 527 604 616 622 737 738 759 814 934 982 991 996 
8 10 30 42 45 49 54 62 88 102 120 123 132 148 186 191 195 203 207 220 223 251 272 304 314 334 345 356 359 371 375 391 404 412 423 431 448 453 461 471 473 479 488 494 508 511 531 534 539 555 559 568 570 579 584 613 648 649 669 673 675 677 684 709 715 717 718 726 732 771 776 795 809 816 819 834 836 848 857 862 888 897 901 910 921 924 927 951 954 963 981 999 
15 55 85 107 115 118 295 330 402 515 543 553 609 633 728 
24 129 206 287 383 557 558 562 758 805 826 869 946 
389 394 418 441 462 754 918 
3 5 33 43 61 65 71 73 80 84 97 100 104 106 119 124 141 153 167 168 174 180 190 212 221 222 230 246 256 264 267 289 297 305 317 320 328 329 346 364 367 374 378 411 445 455 463 466 480 496 500 525 528 532 538 545 549 566 583 596 601 611 617 632 642 643 658 674 685 689 690 703 716 730 735 736 746 761 762 763 767 779 789 793 817 823 829 830 843 856 873 881 889 893 900 904 907 923 935 948 967 971 986 
1 4 7 28 34 35 40 44 48 67 75 82 96 109 111 122 130 133 135 142 150 151 152 176 179 199 209 224 231 233 239 266 275 280 284 290 291 319 333 338 342 344 351 354 358 369 370 372 376 380 385 396 398 426 427 433 435 437 456 472 486 501 502 504 513 518 536 537 548 561 564 586 594 602 639 650 652 670 676 679 688 691 695 698 751 765 777 780 790 791 796 797 803 832 844 852 854 867 870 879 883 887 902 919 936 939 942 944 950 952 953 958 
9 12 29 37 38 68 79 95 108 117 136 139 163 166 170 177 194 200 201 202 225 226 232 242 248 253 254 257 258 260 261 276 277 282 288 312 332 337 347 363 405 409 410 430 434 459 470 474 476 482 489 491 493 499 516 519 520 544 547 551 565 573 575 582 587 603 610 623 629 634 636 667 672 686 711 719 727 731 748 753 756 757 768 784 786 792 799 800 804 821 828 831 833 835 841 851 853 859 876 878 880 882 884 891 895 905 908 916 928 930 937 940 943 962 973 979 987 988 993 994 
157 236 237 464 662 772 985 990 
2 6 14 16 23 51 56 58 81 90 91 110 116 121 125 126 160 165 172 173 187 192 211 213 214 234 252 265 270 271 274 279 306 311 315 322 323 324 327 336 343 348 366 384 390 395 397 401 406 407 419 425 429 436 438 439 442 444 451 454 460 484 507 510 512 521 535 552 554 571 574 577 578 580 585 600 607 608 614 625 638 645 651 653 664 666 681 683 693 696 702 724 725 729 745 747 752 764 770 774 781 787 788 818 820 822 824 845 855 858 866 886 890 899 915 931 933 945 947 961 964 968 969 975 
72 93 182 218 243 249 283 298 331 353 373 393 481 485 522 646 654 956 974 
13 19 26 27 32 36 53 83 86 89 131 138 140 143 149 158 159 161 171 178 184 196 197 198 205 216 229 241 245 269 285 292 293 294 296 300 309 321 326 335 349 352 362 365 381 387 388 413 420 422 443 495 526 546 550 572 588 589 590 595 598 606 615 618 619 630 631 637 641 644 655 660 663 665 682 687 694 699 700 704 705 713 721 733 739 740 742 743 749 750 778 798 801 808 815 827 861 863 865 885 894 925 926 932 955 970 972 992 995 
