5010
961 614 890 279 6 899 306 454 968 353 324 512 915 577 969 638 274 845 265 964 213 327 390 116 451 93 187 666 702 507 384 945 407 56 444 818 90 192 693 552 218 729 645 331 125 554 974 956 13 
781 651 954 98 997 782 877 424 862 648 709 11 718 54 914 189 707 195 911 697 981 42 836 927 250 848 776 59 680 412 66 268 599 356 8 247 910 984 102 21 223 999 62 613 539 191 203 132 897 809 
292 118 86 197 161 365 699 27 55 694 663 149 637 352 143 801 595 36 293 644 995 598 633 269 588 992 245 158 739 733 387 546 618 972 728 970 335 115 778 216 159 631 682 294 641 925 495 241 827 
53 349 740 388 572 619 15 704 402 145 813 563 164 597 769 301 302 966 581 744 846 593 452 92 661 938 875 941 47 57 541 386 146 281 909 959 542 450 922 524 183 492 965 957 477 556 802 449 591 99 
51 725 886 510 747 752 322 438 2 608 484 172 824 485 439 165 820 419 72 770 323 975 429 271 585 173 110 23 774 121 535 625 81 574 664 683 947 373 653 571 401 343 336 522 348 696 395 436 788 
211 234 764 94 272 76 857 10 842 924 204 849 186 684 148 473 251 432 517 675 461 771 840 715 531 431 123 345 555 304 404 628 511 103 534 334 951 471 816 819 375 488 220 207 120 579 508 717 448 888 
131 609 160 700 442 32 413 184 243 198 863 397 178 140 315 808 321 655 300 89 515 713 138 721 865 326 681 932 422 229 894 606 855 460 526 543 107 615 196 521 295 600 285 296 553 249 743 85 270 
665 687 742 822 589 214 980 314 921 570 20 811 392 49 408 144 860 567 812 775 898 960 155 838 559 316 896 217 469 399 307 134 901 479 188 732 963 475 673 391 929 868 773 377 415 692 228 45 723 414 
916 784 724 786 393 252 166 878 366 283 853 459 311 821 91 607 288 126 876 182 636 858 646 745 578 833 908 16 787 937 654 931 481 933 201 242 257 988 14 753 580 841 58 520 859 979 298 425 866 
163 236 406 772 662 237 990 985 361 814 457 359 568 106 986 371 494 789 212 834 622 726 907 584 583 669 88 949 741 991 453 829 730 240 923 703 934 996 795 325 893 982 738 759 604 616 30 423 677 649 
955 310 706 569 590 446 26 550 382 807 705 205 52 750 465 660 467 443 309 215 362 162 420 892 381 712 815 529 259 171 83 533 630 864 503 303 839 701 926 659 983 19 749 483 627 976 798 330 181 861 468 157 441 464 754 389 462 918 394 783 806 418 722 290 458 437 417 825 96 621 193 135 339 498 426 266 879 953 624 691 176 101 944 360 509 433 942 291 403 127 224 676 142 350 354 60 796 523 447 
895 79 232 276 200 29 587 258 711 884 905 835 731 226 516 405 629 573 277 410 363 95 38 551 499 766 225 544 962 68 940 885 282 482 261 332 987 491 430 994 634 202 757 973 108 474 768 246 881 538 690 480 900 658 617 124 227 971 762 830 100 737 545 596 716 889 153 287 320 119 642 398 873 500 411 305 948 643 147 856 735 904 3 689 180 104 61 935 549 317 367 527 767 736 445 87 190 843 73 
657 506 278 734 273 69 592 612 117 194 540 487 710 219 39 714 235 208 478 847 77 505 260 400 70 18 244 493 128 872 286 368 837 993 64 560 347 928 903 490 989 913 313 912 610 977 113 263 519 668 720 791 297 380 486 28 209 111 695 35 1 179 765 233 455 832 351 275 536 264 369 532 230 333 525 790 548 284 504 883 518 564 40 870 329 48 958 33 594 528 151 797 385 867 342 358 688 650 280 
530 799 667 37 253 800 748 943 672 136 719 575 248 623 576 12 851 470 727 312 9 337 831 489 177 514 139 170 880 565 794 792 891 582 434 409 254 804 828 547 476 756 603 686 930 882 674 222 463 129 946 805 267 869 761 24 84 557 466 758 383 746 887 685 566 793 826 601 967 43 558 378 97 133 71 611 779 141 80 823 328 632 763 221 65 496 256 346 817 562 364 168 167 174 374 289 5 206 652 
755 25 871 46 355 998 185 105 810 50 605 647 421 114 154 31 137 210 169 416 917 620 671 440 318 41 678 760 340 175 299 308 906 341 874 656 255 640 379 497 428 17 357 708 626 850 22 785 63 112 635 78 262 978 74 920 238 156 751 435 67 803 376 372 950 82 152 122 456 502 338 852 939 109 513 44 561 936 150 844 537 427 919 231 679 319 602 586 902 370 344 780 698 75 396 239 472 7 854 34 639 777 130 670 4 199 952 501 
