1244
918 389 464 990 
112 262 357 78 656 17 906 156 74 920 255 428 635 440 341 720 238 785 850 468 105 620 671 708 63 626 647 678 874 977 169 113 175 978 913 185 560 64 299 318 983 235 540 244 605 340 379 490 421 514 903 766 714 128 114 497 313 41 368 760 50 483 989 22 668 794 308 640 576 137 70 917 273 701 872 998 530 892 505 18 627 355 976 839 871 39 25 837 31 210 810 912 263 712 286 657 659 710 154 181 215 400 612 847 303 506 219 52 416 382 864 487 208 478 734 533 592 503 46 529 310 69 755 259 77 706 278 569 162 465 467 807 446 
854 34 199 7 396 239 130 501 370 952 639 4 344 919 537 670 698 427 502 936 358 777 652 797 561 472 650 688 844 385 852 231 142 803 338 75 280 586 887 513 939 796 109 780 342 319 602 870 152 504 398 376 564 44 902 291 275 351 426 67 790 679 151 944 284 691 48 958 867 832 486 456 879 950 354 751 209 594 133 433 548 518 150 435 224 883 536 369 82 1 765 676 372 122 40 176 942 333 695 290 233 135 96 266 791 437 380 953 111 28 179 35 
772 236 
391 963 30 45 732 677 423 453 649 901 673 479 88 669 508 21 888 584 223 812 59 247 120 559 123 555 207 613 359 834 840 579 431 268 717 795 816 980 375 345 471 404 910 570 771 599 860 838 680 461 984 49 412 20 220 819 697 250 494 314 857 534 921 488 448 371 726 304 999 809 203 675 715 897 911 914 707 186 568 62 517 189 951 148 334 191 424 94 539 76 776 66 511 10 204 356 877 628 531 8 432 842 251 848 473 132 836 42 849 927 195 997 102 782 684 924 272 709 718 981 954 54 862 648 11 98 
298 406 654 14 270 600 787 822 781 931 249 764 855 646 580 481 214 283 521 866 460 522 366 681 653 729 16 818 390 218 182 858 429 425 774 625 116 974 234 552 607 393 58 160 933 81 683 651 577 788 397 401 243 571 945 664 702 23 442 373 331 173 336 211 395 696 436 438 187 126 343 484 666 315 72 348 444 274 956 574 165 578 90 306 535 323 915 172 693 585 824 56 271 975 2 407 770 745 110 91 125 485 439 608 311 192 845 252 947 327 353 886 121 507 645 93 51 554 964 899 451 724 419 747 322 820 969 265 384 752 324 512 279 638 725 614 213 454 968 510 890 961 6 
861 798 885 19 553 330 388 687 743 665 285 827 742 926 15 241 615 704 749 85 335 296 495 589 402 619 572 53 107 196 295 294 159 970 682 740 641 543 631 778 925 13 349 216 115 
206 562 817 221 374 256 73 378 528 97 611 329 33 558 168 843 289 557 525 364 826 71 174 763 738 869 967 65 532 190 685 167 946 805 87 328 982 61 496 287 991 893 445 346 779 935 325 604 230 761 758 80 264 823 632 5 104 716 84 907 455 730 180 383 856 3 746 735 829 643 736 549 119 566 141 367 674 100 500 297 934 948 305 480 616 43 996 923 527 881 617 24 904 129 463 971 689 703 793 759 411 601 889 658 317 767 873 622 227 320 762 246 737 240 789 538 267 106 583 147 153 596 212 814 466 222 986 124 900 545 642 830 690 457 
418 754 441 
361 237 985 
523 127 60 741 949 415 360 929 723 350 414 193 447 773 103 621 449 399 509 155 542 959 475 386 403 498 316 217 377 228 591 101 417 524 134 692 722 469 960 875 541 458 339 811 898 593 99 307 868 188 661 775 624 806 896 938 581 556 825 281 492 144 965 392 146 92 408 783 302 477 450 47 813 567 941 802 301 957 922 909 183 597 966 744 57 164 846 769 452 563 145 
394 462 
171 309 443 815 865 381 362 326 588 198 321 420 26 83 526 894 158 992 630 750 606 550 590 300 422 705 932 863 644 733 131 140 138 660 205 713 721 808 178 955 143 618 546 609 595 149 269 515 700 229 89 184 739 55 972 995 598 655 637 352 197 413 728 293 32 36 292 699 27 387 633 245 663 694 365 801 118 161 86 
662 157 
882 930 603 792 254 828 519 686 804 565 880 476 9 434 409 347 610 768 337 470 756 312 757 474 582 260 727 117 194 928 993 177 748 257 202 493 242 891 672 987 979 547 499 163 799 12 201 573 253 719 841 363 491 831 962 108 489 68 139 634 623 988 544 884 994 95 851 170 332 943 835 940 973 37 282 551 225 575 261 821 520 248 79 800 136 905 430 859 916 459 200 731 516 853 784 410 482 937 753 876 629 405 667 711 166 277 833 276 895 38 908 258 636 226 878 288 232 587 29 786 
