1358
968 93 192 384 451 90 265 554 651 125 218 729 390 116 702 956 974 214 56 818 187 173 274 444 945 666 845 781 764 822 249 270 552 683 855 81 681 521 787 460 625 580 14 298 406 654 600 774 931 16 429 653 481 693 331 507 574 964 213 407 327 696 947 395 436 975 23 121 664 522 571 58 110 271 373 401 336 348 343 535 585 645 419 6 725 510 969 770 899 315 324 366 283 646 160 442 243 353 915 577 306 51 279 72 824 393 172 397 2 608 165 438 886 484 512 890 234 425 933 866 211 788 614 638 454 745 747 485 607 858 182 322 820 323 439 752 126 91 252 311 578 724 961 
924 726 494 371 842 186 251 531 684 432 715 148 473 568 272 954 10 877 559 424 204 707 517 76 840 431 461 838 860 123 812 675 20 359 570 345 771 94 980 361 921 314 857 120 613 910 984 412 268 680 599 21 247 59 223 250 997 782 697 49 911 189 914 98 836 195 718 54 849 42 648 11 709 981 862 555 508 479 673 207 888 88 453 732 423 649 834 584 677 391 901 45 963 30 669 628 66 356 539 132 334 191 8 999 404 375 534 304 717 220 471 511 951 579 816 795 819 448 488 62 809 927 897 102 203 776 848 
663 700 420 713 362 955 205 705 750 32 89 140 863 443 808 26 198 609 321 184 590 131 515 300 413 655 550 660 36 352 694 118 699 365 293 595 801 865 553 309 749 815 798 861 885 171 19 326 285 704 665 349 13 294 682 641 827 388 159 335 992 495 995 269 572 402 619 15 588 158 733 241 739 387 728 972 115 618 925 598 970 229 631 296 53 740 778 546 633 216 543 381 926 630 196 107 83 932 721 606 615 894 422 138 295 526 85 330 589 687 743 742 245 143 55 637 197 644 149 178 292 27 161 86 
145 802 563 164 941 846 452 57 301 744 567 769 966 477 450 134 965 556 99 146 922 281 492 775 898 408 825 960 144 392 339 896 806 783 722 193 621 458 498 417 307 741 523 360 127 949 60 414 723 399 377 447 101 188 403 773 350 509 228 469 475 929 692 868 624 183 813 597 541 386 542 591 415 103 449 524 959 47 92 302 661 581 217 811 155 316 593 875 938 957 909 
985 237 
157 662 
236 772 
464 990 
462 394 
200 884 79 784 573 117 916 459 516 905 821 194 470 799 312 9 12 37 943 623 672 835 748 253 727 800 719 636 410 629 232 277 895 226 276 29 288 587 405 166 853 876 878 520 937 201 257 260 993 242 519 610 988 928 979 768 474 491 544 551 757 363 493 987 499 347 95 841 962 756 753 908 68 38 225 430 261 634 973 108 859 482 282 202 332 731 136 248 711 258 851 547 582 891 476 489 177 831 139 940 994 170 575 667 833 786 163 409 434 804 828 930 603 686 882 337 880 792 254 565 
759 240 735 904 689 3 923 856 317 147 703 736 767 527 367 583 61 190 549 73 843 104 730 738 935 893 829 325 445 982 87 604 212 227 622 119 264 737 305 716 106 287 948 971 907 538 881 674 480 617 129 246 297 814 658 986 230 455 532 329 33 991 900 222 779 889 746 24 267 141 383 566 466 601 793 500 80 823 43 463 690 545 642 411 320 762 873 124 596 789 830 643 153 869 97 685 557 558 967 817 374 256 562 528 221 763 206 289 168 525 946 805 761 84 100 378 611 826 71 758 934 616 996 328 346 180 364 167 174 496 65 5 632 457 
389 918 
465 503 77 400 259 478 208 487 69 278 446 162 529 659 837 903 286 847 368 468 113 720 977 712 839 560 892 989 70 64 701 483 244 235 913 18 872 983 505 490 766 514 310 215 382 39 714 657 576 273 506 219 706 569 710 612 592 25 46 154 318 810 917 31 41 421 440 185 998 540 137 169 114 105 50 605 647 530 620 871 355 671 678 210 416 755 760 734 52 533 640 850 635 497 17 128 341 906 112 357 255 656 78 262 74 920 156 340 428 874 626 785 63 175 308 299 379 22 708 313 238 978 303 864 263 668 627 976 912 181 794 807 467 
754 441 
418 380 791 950 435 751 372 82 688 385 796 650 790 142 504 691 797 358 433 291 944 224 942 676 953 266 879 426 832 290 398 887 351 209 803 376 67 427 939 561 844 338 513 537 109 502 919 936 852 135 28 333 35 111 179 40 548 151 594 354 958 518 280 284 342 564 870 176 48 867 883 133 275 231 319 602 456 122 152 679 44 150 1 233 369 765 536 96 695 486 437 396 344 370 639 854 239 199 7 34 952 472 780 586 501 670 698 130 777 4 902 652 75 
