1240
6 16 23 58 81 90 91 93 110 121 125 126 192 211 213 234 252 265 271 311 322 323 327 331 336 343 348 373 384 395 401 407 419 425 436 439 451 454 485 507 510 512 522 535 554 571 574 578 585 614 638 645 651 664 693 696 724 725 745 747 752 788 820 866 886 890 933 947 961 964 968 969 975
13 15 27 36 53 55 86 115 118 143 149 158 159 161 178 197 216 229 241 245 269 285 292 293 294 295 296 335 349 352 365 387 388 402 495 515 546 572 588 595 598 618 619 631 633 637 641 644 663 682 694 699 704 728 733 739 740 778 801 808 827 925 932 970 972 992 995
2 14 51 56 72 116 160 165 172 173 182 187 214 218 243 249 270 274 279 283 298 306 315 324 353 366 390 393 397 406 429 438 442 444 460 481 484 521 552 577 580 600 607 608 625 646 653 654 666 681 683 702 729 764 770 774 781 787 818 822 824 845 855 858 899 915 931 945 956 974
9 136 139 170 177 225 248 253 254 260 312 337 409 434 470 476 489 547 565 575 582 603 667 672 686 719 727 748 792 799 804 828 831 851 880 882 891 930
389 394 418 441 462 754 918
8 10 11 21 42 49 54 59 62 66 98 102 120 132 189 191 195 203 204 223 247 250 268 334 356 412 424 488 511 517 539 599 613 628 648 680 697 707 709 718 776 782 809 836 848 849 862 877 897 910 911 914 927 951 954 981 984 997 999
20 30 45 76 88 94 123 148 186 207 220 251 272 304 314 345 359 361 371 375 391 404 423 431 432 448 453 461 471 473 479 494 508 531 534 555 559 568 570 579 584 649 669 673 675 677 684 715 717 726 732 771 795 812 816 819 834 838 840 842 857 860 888 901 921 924 963 980
17 18 22 25 31 39 41 46 50 52 63 64 69 70 74 77 78 105 112 113 114 128 137 154 156 162 169 175 181 185 208 210 215 219 235 238 244 255 259 262 263 273 278 286 299 303 308 310 313 318 340 341 355 357 368 379 382 400 416 421 428 440 446 465 467 468 478 483 487 490 497 503 505 506 514 529 530 533 540 560 569 576 592 605 612 620 626 627 635 640 647 656 657 659 668 671 678 701 706 708 710 712 714 720 734 755 760 766 785 794 807 810 837 839 847 850 864 871 872 874 892 903 906 912 913 917 920 976 977 978 983 989 998
47 57 60 92 99 101 103 127 134 144 145 146 155 164 183 188 193 217 228 281 301 302 307 316 339 350 360 377 386 392 399 403 408 414 415 417 447 449 450 452 458 469 475 477 492 498 509 523 524 541 542 556 563 567 581 591 593 597 621 624 661 692 722 723 741 744 769 773 775 783 802 806 811 813 825 846 868 875 896 898 909 922 929 938 941 949 957 959 960 965 966
19 26 32 83 85 89 107 131 138 140 171 184 196 198 205 300 309 321 326 330 362 381 413 420 422 443 526 543 550 553 589 590 606 609 615 630 655 660 665 687 700 705 713 721 742 743 749 750 798 815 861 863 865 885 894 926 955
3 5 24 33 43 61 65 71 73 80 84 87 97 100 104 106 119 124 129 141 147 153 167 168 174 180 190 206 212 221 222 227 230 240 246 256 264 267 287 289 297 305 317 320 325 328 329 346 364 367 374 378 383 411 445 455 457 463 466 480 496 500 525 527 528 532 538 545 549 557 558 562 566 583 596 601 604 611 616 617 622 632 642 643 658 674 685 689 690 703 716 730 735 736 737 738 746 758 759 761 762 763 767 779 789 793 805 814 817 823 826 829 830 843 856 869 873 881 889 893 900 904 907 923 934 935 946 948 967 971 982 986 991 996
38 68 95 108 163 201 202 242 257 261 282 332 347 430 474 482 491 493 499 519 520 544 551 610 634 753 756 757 768 841 859 908 928 937 940 962 973 979 987 988 993 994
157 236 237 464 662 772 985 990
1 4 7 28 34 35 40 44 48 67 75 82 96 109 111 122 130 133 135 142 150 151 152 176 179 199 209 224 231 233 239 266 275 280 284 290 291 319 333 338 342 344 351 354 358 369 370 372 376 380 385 396 398 426 427 433 435 437 456 472 486 501 502 504 513 518 536 537 548 561 564 586 594 602 639 650 652 670 676 679 688 691 695 698 751 765 777 780 790 791 796 797 803 832 844 852 854 867 870 879 883 887 902 919 936 939 942 944 950 952 953 958
12 29 37 79 117 166 194 200 226 232 258 276 277 288 363 405 410 459 516 573 587 623 629 636 711 731 784 786 800 821 833 835 853 876 878 884 895 905 916 943
