1251
294 615 687 641 660 619 970 740 300 633 630 704 495 83 171 388 595 178 159 55 197 778 131 631 742 107 526 158 321 606 205 387 749 553 588 700 972 27 713 184 245 589 515 665 32 546 118 198 598 682 728 420 801 15 992 694 13 699 330 925 861 293 115 550 138 590 827 269 143 721 743 86 309 655 543 443 995 19 296 241 926 618 413 798 85 196 161 326 285 53 149 36 365 705 733 609 402 863 292 865 140 229 644 637 885 572 808 295 663 815 216 89 750 381 739 349 894 335 26 932 352 422 362 955 
150 133 518 280 111 564 342 502 376 765 369 179 427 142 44 796 852 486 777 844 152 7 426 958 679 266 676 944 887 291 130 122 870 780 67 396 504 398 28 902 176 594 950 435 151 867 370 650 698 354 35 456 48 75 670 380 688 338 548 832 936 879 803 797 284 501 344 790 652 109 536 791 209 883 561 385 82 691 433 4 472 952 224 231 639 953 513 919 290 40 586 275 942 939 319 695 602 372 96 233 751 358 333 418 135 437 537 351 239 1 
810 421 839 920 299 185 63 626 355 400 303 620 478 712 18 341 533 635 263 871 640 506 983 255 657 368 278 52 308 678 627 262 989 77 169 807 357 668 850 17 465 978 612 382 235 162 467 514 977 340 310 874 912 605 210 576 710 714 78 69 913 837 215 113 490 31 219 540 903 379 906 112 128 440 416 706 446 208 483 137 50 734 74 181 892 785 766 592 760 647 487 976 671 244 529 286 313 175 569 708 560 318 238 70 41 22 46 156 428 64 755 864 259 503 114 917 530 505 497 659 105 273 794 720 656 25 872 701 847 998 154 39 468 
868 541 692 896 360 164 415 307 57 624 301 769 523 403 386 450 802 228 183 99 144 134 556 458 316 741 469 542 302 449 965 941 960 60 593 477 966 775 661 811 938 377 929 909 957 567 922 452 825 92 399 193 898 447 47 350 621 846 959 414 155 498 146 524 875 509 723 103 949 806 339 417 773 475 408 744 783 722 127 188 101 392 591 145 217 563 281 492 581 597 813 
732 88 897 191 584 250 120 599 771 391 334 404 272 782 927 717 356 980 559 471 951 613 511 30 555 314 66 102 857 49 862 981 359 186 860 375 45 123 539 819 431 448 697 189 203 10 648 148 963 579 21 677 207 816 675 423 984 59 54 132 849 812 251 488 848 568 842 954 94 473 673 534 924 901 715 680 508 877 914 911 718 461 531 649 76 247 836 840 412 809 432 223 910 304 707 371 776 20 834 424 268 709 345 684 517 8 628 570 726 669 479 220 838 204 795 62 453 195 888 999 42 494 921 11 
253 636 194 470 804 882 499 756 37 12 332 117 962 891 672 928 799 727 170 768 139 337 547 68 603 994 474 363 166 9 232 573 409 410 491 202 895 200 784 519 623 905 831 108 277 853 520 634 493 276 988 282 711 979 260 987 908 841 937 459 575 38 686 551 434 29 835 516 544 242 225 876 405 258 792 489 95 136 748 629 347 800 587 719 177 930 288 884 833 257 878 940 943 828 821 757 476 880 610 312 261 79 226 916 565 731 248 582 201 851 786 254 163 993 973 859 
770 384 968 397 436 822 747 574 81 298 745 444 173 961 116 390 160 693 419 214 324 481 172 243 571 858 373 787 182 121 58 366 945 866 855 956 975 554 824 393 90 91 666 625 126 683 752 577 460 401 510 725 407 213 485 653 6 931 395 336 343 274 781 947 521 16 696 608 265 323 429 522 552 788 192 283 507 438 899 933 348 774 406 764 646 607 645 614 439 306 969 2 353 425 93 327 51 331 279 14 818 211 125 442 535 600 23 110 915 165 270 249 820 315 512 322 72 681 252 271 578 187 664 724 638 451 651 311 585 234 484 886 56 845 454 702 890 964 654 580 
104 106 690 716 557 532 246 805 411 221 689 761 658 364 759 617 996 87 934 558 907 986 180 823 147 767 374 583 445 946 869 346 227 222 525 642 549 538 297 604 935 206 256 97 601 71 616 703 3 967 43 289 737 562 826 736 596 212 900 923 632 730 267 367 545 320 190 971 528 643 982 948 893 230 480 457 873 881 463 904 305 843 500 84 762 329 119 61 889 73 735 685 789 100 758 287 33 153 622 129 24 325 830 611 496 763 168 991 856 527 383 466 378 814 793 141 264 124 455 746 674 829 817 240 317 738 174 5 65 167 328 779 80 566 
754 389 
236 772 662 157 218 974 729 
854 34 199 
441 990 462 918 394 464 
98 997 
985 237 361 
753 430 482 667 