1501
86 161 118 694 365 801 663 633 387 245 699 27 36 293 728 197 115 352 637 216 598 995 972 55 292 149 595 546 143 739 515 269 733 644 992 682 294 158 641 588 
800 37 943 623 835 719 253 895 12 799 711 672 748 851 731 727 258 312 470 337 194 117 136 667 405 409 434 575 587 582 9 410 177 831 756 565 880 68 225 248 804 170 940 686 828 489 254 547 139 476 792 994 603 891 930 882 
42 195 981 927 334 531 54 718 432 849 628 776 251 511 999 951 62 203 488 924 304 534 684 836 66 848 8 191 715 819 648 220 356 412 809 11 539 473 910 404 897 471 375 816 579 268 102 207 132 98 726 448 120 613 680 984 250 599 888 717 21 223 795 247 649 423 
590 26 550 198 321 700 705 184 955 815 300 131 420 381 750 362 140 413 808 32 609 178 309 660 863 326 443 205 713 171 138 89 655 422 83 721 865 630 885 
51 608 2 824 725 353 165 614 279 72 172 484 886 315 438 442 306 770 322 173 899 243 397 324 160 961 393 510 454 845 890 577 274 774 702 429 512 419 683 820 439 968 747 110 485 625 653 969 681 752 366 323 6 390 327 574 23 81 460 607 915 975 182 271 638 116 964 858 666 121 818 521 283 90 56 16 373 407 265 187 724 945 481 252 126 444 93 646 331 401 507 214 855 535 585 764 395 249 311 931 336 451 693 651 822 192 696 787 664 600 270 522 91 781 580 14 552 947 729 654 213 956 745 348 125 974 384 211 343 436 218 406 578 788 645 571 933 298 58 554 234 866 425 
784 200 916 821 905 79 459 884 853 166 573 276 232 29 629 493 516 878 363 95 876 993 544 928 786 499 242 201 257 260 551 841 988 226 610 347 288 833 636 768 979 491 962 937 987 282 163 908 108 261 38 277 520 519 332 757 753 634 474 973 482 859 202 430 236 772 
10 204 424 877 94 517 921 76 857 842 20 954 675 314 49 838 709 860 771 570 707 782 862 461 840 359 555 980 914 123 345 559 997 148 812 697 431 186 361 189 59 568 834 272 494 88 371 911 584 508 669 479 673 901 453 732 677 45 30 963 391 985 237 
635 785 238 920 850 63 74 626 78 978 156 903 497 262 22 313 708 368 913 977 379 113 112 640 128 490 627 668 989 794 837 720 976 286 659 912 400 263 181 208 503 
133 150 679 902 333 548 602 883 780 369 48 151 122 319 44 586 75 231 594 40 275 472 28 867 844 111 35 179 456 342 777 953 1 765 698 652 380 513 427 82 536 670 176 870 518 561 936 919 344 537 372 950 4 435 695 351 564 939 152 958 370 751 791 504 109 790 338 639 501 952 130 418 284 280 852 233 266 797 358 942 239 96 832 354 887 67 676 691 376 396 502 7 209 135 224 650 879 426 433 291 437 199 34 803 290 688 398 944 796 854 385 486 142 
289 174 364 346 168 763 61 843 87 496 5 65 374 180 167 632 856 3 735 823 445 206 73 643 736 549 829 256 528 328 141 817 367 71 967 730 500 746 100 104 934 325 33 996 923 190 329 527 562 893 221 525 685 779 383 904 935 982 80 826 558 129 689 703 611 793 604 758 43 617 84 411 601 948 97 889 738 674 317 767 873 658 616 305 761 622 971 320 762 287 119 227 759 378 246 240 566 789 583 538 480 147 737 267 153 596 991 463 264 212 466 532 24 222 716 124 805 900 106 907 545 230 557 869 946 642 455 830 986 297 690 881 814 457 
620 671 169 114 440 605 678 341 255 137 185 17 421 175 917 340 50 428 647 299 760 906 105 998 874 656 355 871 318 357 308 41 210 810 25 657 154 31 416 734 487 46 69 755 278 
742 85 687 589 665 743 295 296 196 606 704 53 615 330 740 285 553 894 619 159 970 107 526 631 932 618 778 925 798 229 13 827 388 335 543 349 572 861 241 402 749 926 495 19 15 157 662 
754 441 394 918 464 462 389 990 
576 273 540 514 235 714 530 244 892 506 39 382 766 505 70 560 52 612 215 710 64 18 310 872 983 712 219 706 592 569 847 701 468 839 483 478 807 465 446 162 77 529 467 864 303 259 533 
447 350 403 475 101 228 929 773 509 692 523 60 377 469 307 188 775 868 99 624 896 339 360 134 127 960 825 556 414 498 723 450 144 806 898 417 458 316 783 567 477 408 492 802 949 957 922 741 415 909 965 722 392 183 281 399 621 146 217 57 193 591 744 164 846 524 449 155 966 938 661 541 103 542 959 386 769 941 452 301 875 811 593 47 563 92 302 145 597 581 813 
