2658
1 4 7 28 34 35 40 44 48 67 75 82 96 109 111 122 130 133 135 142 150 151 152 176 179 199 209 224 231 233 239 266 275 280 284 290 291 319 333 338 342 344 351 354 358 369 370 372 376 380 385 396 398 418 426 427 433 435 437 456 472 486 501 502 504 513 518 536 537 548 561 564 586 594 602 639 650 652 670 676 679 688 691 695 698 751 765 777 780 790 791 796 797 803 832 844 852 854 867 870 879 883 887 902 919 936 939 942 944 950 952 953 958 
999 8 21 30 45 62 66 88 102 120 132 191 203 207 220 223 247 268 304 334 356 375 391 404 412 423 448 453 471 479 488 508 511 534 539 579 599 613 628 649 673 677 680 717 726 732 776 795 809 816 819 836 848 888 897 901 910 927 951 963 984 
998 17 25 31 41 46 50 63 69 105 114 137 154 169 175 185 210 255 262 273 278 299 308 310 318 340 341 355 357 382 416 421 428 440 487 506 530 540 576 605 620 626 647 656 657 671 678 714 734 755 760 810 850 871 874 906 917 920 
997 10 11 20 42 49 54 57 59 76 94 98 123 148 186 189 195 204 250 251 272 314 345 359 361 371 424 431 432 461 473 494 517 531 555 559 568 570 584 648 669 675 684 697 707 709 715 718 771 782 812 834 838 840 842 849 857 860 862 877 911 914 921 924 954 980 981 
996 3 5 24 43 61 65 71 80 84 97 100 124 129 141 147 153 167 174 180 222 246 267 289 328 346 364 383 411 463 466 496 500 527 545 566 596 601 617 632 658 674 690 736 746 758 761 762 779 793 823 856 889 900 
995 13 27 32 36 53 55 83 85 86 89 107 115 118 131 138 140 143 149 158 159 161 171 178 184 196 197 198 205 216 229 241 245 269 285 292 293 294 295 296 300 309 321 326 330 335 349 352 362 365 381 387 388 402 413 420 422 443 495 515 526 543 546 550 553 572 588 589 590 595 598 606 609 615 618 619 630 631 633 637 641 644 655 660 663 665 682 687 694 699 700 704 705 713 721 728 733 739 740 742 743 749 750 778 798 801 808 815 827 861 863 865 885 894 925 926 932 955 970 972 
994 136 139 170 177 225 248 258 277 288 405 410 489 547 575 587 623 667 711 731 831 851 891 895 940 
993 9 12 37 79 117 166 194 200 253 254 260 312 337 347 363 409 434 459 470 493 499 519 573 603 610 672 686 719 727 748 784 792 799 800 804 821 828 835 853 880 882 884 905 916 930 943 
992 15 19 26 47 60 92 99 101 103 127 134 144 145 146 155 164 183 188 193 217 228 281 301 302 307 316 339 350 360 377 386 392 394 399 403 408 414 415 417 447 449 450 452 458 462 469 475 477 492 498 509 523 524 541 542 556 563 567 581 591 593 597 621 624 661 692 722 723 741 744 769 773 775 783 802 806 811 813 825 846 868 875 896 898 909 922 929 938 941 949 957 959 960 965 966 
991 33 73 87 104 168 190 206 221 256 287 297 329 374 378 480 525 528 532 557 558 562 611 685 716 738 763 805 817 826 843 869 881 946 967 
990 157 236 237 464 662 772 985 
989 18 22 39 52 64 70 74 77 78 112 113 128 156 162 181 208 215 219 235 238 244 259 263 286 303 313 368 379 400 441 446 465 467 468 478 483 490 497 503 505 514 529 533 560 569 592 612 627 635 640 659 668 701 706 708 710 712 720 754 766 785 794 807 837 839 847 864 872 892 903 912 913 976 977 978 983 
988 2 6 14 16 23 51 56 58 72 81 90 91 93 110 116 121 125 126 160 165 172 173 182 187 192 211 213 214 218 234 243 249 252 265 270 271 274 279 283 298 306 311 315 322 323 324 327 331 336 343 348 353 366 373 384 390 393 395 397 401 406 407 419 425 429 436 438 439 442 444 451 454 460 481 484 485 507 510 512 521 522 535 552 554 571 574 577 578 580 585 600 607 608 614 625 638 645 646 651 653 654 664 666 681 683 693 696 702 724 725 729 745 747 752 764 770 774 781 787 788 818 820 822 824 845 855 858 866 886 890 899 915 931 933 945 947 956 961 964 968 969 974 975 
987 29 38 68 95 108 163 201 202 226 232 242 257 261 276 282 332 430 474 476 482 491 516 520 544 551 565 582 629 634 636 753 756 757 768 786 833 841 859 876 878 908 928 937 962 973 979 
986 106 119 212 227 230 240 264 305 317 320 325 367 389 445 455 457 538 549 583 604 616 622 642 643 689 703 730 735 737 759 767 789 814 829 830 873 893 904 907 918 923 934 935 948 971 982 
