2242
6 56 91 93 110 121 125 126 192 213 252 265 271 279 311 322 324 327 384 407 419 439 451 454 485 507 510 512 535 554 578 585 614 638 645 693 724 725 745 747 752 770 820 845 890 899 915 947 956 961 964 968 969 975
8 10 11 21 42 49 54 62 66 94 98 102 132 189 195 203 204 223 247 250 268 412 424 517 539 599 613 648 675 680 697 707 709 718 776 782 809 836 838 848 849 860 862 877 910 911 914 921 927 954 981 984 997
13 15 19 27 53 55 85 115 143 149 158 159 171 178 196 197 216 241 269 285 292 294 295 296 326 335 349 352 387 388 402 495 546 553 572 588 595 598 606 609 615 618 619 631 637 641 644 665 682 687 704 728 733 739 740 742 743 778 798 815 827 861 865 885 894 925 932 970 972 992 995
47 57 60 92 99 103 127 134 146 155 183 188 217 281 302 316 360 377 386 399 414 415 449 450 475 477 492 523 524 541 542 556 581 591 593 597 661 723 741 773 802 811 813 868 875 909 922 929 938 941 949 957 959 965
2 14 16 23 51 58 72 81 90 116 157 160 165 172 173 182 187 211 214 218 234 236 237 243 249 270 274 283 298 306 315 323 331 336 343 348 353 366 373 390 393 395 397 401 406 425 429 436 438 442 444 460 481 484 521 522 552 571 574 577 580 600 607 608 625 646 651 653 654 662 664 666 681 683 696 702 729 764 772 774 781 787 788 818 822 824 855 858 866 886 931 933 945 974 985
20 30 45 59 76 88 120 123 148 186 191 207 220 251 272 304 314 334 345 356 359 361 371 375 391 404 423 431 432 448 453 461 471 473 479 488 494 508 511 531 534 555 559 568 570 579 584 628 649 669 673 677 684 715 717 726 732 771 795 812 816 819 834 840 842 857 888 897 901 924 951 963 980 999
26 32 36 83 86 89 107 118 131 138 140 161 184 198 205 229 245 293 300 309 321 330 362 365 381 413 420 422 443 515 526 543 550 589 590 630 633 655 660 663 694 699 700 705 713 721 749 750 801 808 863 926 955
101 144 145 164 193 228 301 307 339 350 392 394 403 408 417 447 452 458 462 464 469 498 509 563 567 621 624 692 722 744 769 775 783 806 825 846 896 898 960 966 990
1 28 35 40 44 67 82 96 109 111 122 133 135 150 176 179 209 233 266 275 284 290 333 351 354 369 372 380 389 398 418 426 433 437 441 456 486 504 518 536 548 564 594 676 679 691 695 754 765 790 791 832 867 879 883 887 918 942 944 953 958
29 38 136 139 170 225 226 232 248 258 261 276 277 288 332 405 410 430 482 489 547 575 587 629 634 636 667 711 731 753 786 831 833 851 859 878 891 895 908 940 973 994
9 12 37 68 79 95 108 117 163 166 177 194 200 201 202 242 253 254 257 260 282 312 337 347 363 409 434 459 470 474 476 491 493 499 516 519 520 544 551 565 573 582 603 610 623 672 686 719 727 748 756 757 768 784 792 799 800 804 821 828 835 841 853 876 880 882 884 905 916 928 930 937 943 962 979 987 988 993
3 5 24 33 43 61 65 71 73 80 84 87 97 100 104 106 119 124 129 141 147 153 167 168 174 180 190 206 212 221 222 227 230 240 246 256 264 267 287 289 297 305 317 320 325 328 329 346 364 367 374 378 383 411 445 455 457 463 466 480 496 500 525 527 528 532 538 545 549 557 558 562 566 583 596 601 604 611 616 617 622 632 642 643 658 674 685 689 690 703 716 730 735 736 737 738 746 758 759 761 762 763 767 779 789 793 805 814 817 823 826 829 830 843 856 869 873 881 889 893 900 904 907 923 934 935 946 948 967 971 982 986 991 996
17 18 39 50 52 70 105 114 137 169 185 215 235 244 255 273 310 340 341 355 357 382 421 440 468 505 506 514 530 540 560 576 605 620 647 656 657 671 678 706 712 714 766 871 892 906 983 998
22 25 31 41 46 63 64 69 74 77 78 112 113 128 154 156 162 175 181 208 210 219 238 259 262 263 278 286 299 303 308 313 318 368 379 400 416 428 446 465 467 478 483 487 490 497 503 529 533 569 592 612 626 627 635 640 659 668 701 708 710 720 734 755 760 785 794 807 810 837 839 847 850 864 872 874 903 912 913 917 920 976 977 978 989
4 7 34 48 75 130 142 151 152 199 224 231 239 280 291 319 338 342 344 358 370 376 385 396 427 435 472 501 502 513 537 561 586 602 639 650 652 670 688 698 751 777 780 796 797 803 844 852 854 870 902 919 936 939 950 952