1240
1 4 28 35 40 44 48 67 75 82 96 109 111 122 130 133 150 151 152 176 179 209 231 233 275 280 319 333 338 342 344 351 354 358 369 370 372 376 380 396 418 427 435 437 456 472 501 502 504 513 518 536 548 561 564 586 594 602 639 652 670 676 679 695 698 751 765 777 780 791 797 803 844 852 867 870 883 902 919 936 939 942 950 952 953 958 
2 6 16 23 51 56 58 72 81 90 91 93 110 116 121 125 126 160 165 172 173 182 187 192 211 213 234 243 252 265 271 274 279 306 311 315 322 323 324 327 331 336 343 348 353 366 373 384 390 393 395 397 401 407 419 425 429 436 438 439 442 444 451 454 460 481 484 485 507 510 512 522 535 554 571 574 577 578 580 585 607 608 614 625 638 645 651 653 664 666 681 683 693 696 702 724 725 745 747 752 770 774 788 820 824 845 858 866 886 890 899 915 931 933 947 956 961 964 968 969 975 
10 11 20 49 54 59 76 88 94 98 123 148 186 189 204 250 251 272 314 345 359 361 371 424 431 432 453 461 473 494 517 555 559 568 570 648 675 680 684 697 707 709 718 771 782 812 834 838 840 842 849 857 860 862 877 911 914 921 924 954 980 997 
17 18 22 25 31 39 41 46 50 52 63 64 69 70 74 77 78 105 112 113 114 128 137 154 156 162 169 175 181 185 208 210 215 219 235 238 244 255 259 262 263 273 278 286 299 303 308 310 313 318 340 341 355 357 368 379 382 400 416 421 428 440 446 465 467 468 478 483 487 490 497 503 505 506 514 529 530 533 540 560 569 576 592 605 612 620 626 627 635 640 647 656 657 659 668 671 678 701 706 708 710 712 714 720 734 755 760 766 785 794 807 810 837 839 847 850 864 871 872 874 892 903 906 912 913 917 920 976 977 978 983 989 998 
5 33 65 71 73 80 97 167 168 174 206 221 256 289 328 329 346 364 374 378 496 525 528 557 558 562 611 738 779 805 817 826 843 869 946 
14 157 214 218 236 237 249 270 283 298 406 521 552 600 646 654 662 729 764 772 781 787 818 822 855 945 974 985 
3 24 43 61 84 87 100 104 106 119 124 129 141 147 153 180 190 212 222 227 230 240 246 264 267 287 297 305 317 320 325 367 383 411 445 455 457 463 466 480 500 527 532 538 545 549 566 583 596 601 604 616 617 622 632 642 643 658 674 685 689 690 703 716 730 735 736 737 746 758 759 761 762 763 767 789 793 814 823 829 830 856 873 881 889 893 900 904 907 923 934 935 948 967 971 982 986 991 996 
7 34 135 142 199 224 239 266 284 290 291 385 398 426 433 486 537 650 688 691 790 796 832 854 879 887 944 
389 394 441 462 464 754 918 990 
13 27 32 36 53 55 83 85 86 89 107 115 118 131 138 140 143 149 158 159 161 178 184 196 197 205 216 229 241 245 269 285 292 293 294 295 296 300 321 326 335 349 352 362 365 381 387 402 413 420 422 495 515 526 543 546 550 572 588 589 590 595 598 606 609 615 618 619 630 631 633 637 641 644 655 660 663 682 694 699 700 704 705 713 721 728 733 739 740 742 750 778 801 808 827 863 865 894 925 932 955 970 972 992 995 
8 21 30 42 45 62 66 102 120 132 191 195 203 207 220 223 247 268 304 334 356 375 391 404 412 423 448 471 479 488 508 511 531 534 539 579 584 599 613 628 649 669 673 677 715 717 726 732 776 795 809 816 819 836 848 888 897 901 910 927 951 963 981 984 999 
29 37 136 139 170 177 226 232 248 253 258 276 277 288 405 410 476 489 547 575 587 623 667 672 711 731 748 786 799 800 831 835 851 891 895 943 994 
47 57 60 92 99 101 103 127 134 144 145 146 155 164 183 188 193 217 228 281 301 302 307 316 339 350 360 377 386 392 399 403 408 414 415 417 447 449 450 452 458 469 475 477 492 498 509 523 524 541 542 556 563 567 581 591 593 597 621 624 661 692 722 723 741 744 769 773 775 783 802 806 811 813 825 846 868 875 896 898 909 922 929 938 941 949 957 959 960 965 966 
15 19 26 171 198 309 330 388 443 553 665 687 743 749 798 815 861 885 926 
9 12 38 68 79 95 108 117 163 166 194 200 201 202 225 242 254 257 260 261 282 312 332 337 347 363 409 430 434 459 470 474 482 491 493 499 516 519 520 544 551 565 573 582 603 610 629 634 636 686 719 727 753 756 757 768 784 792 804 821 828 833 841 853 859 876 878 880 882 884 905 908 916 928 930 937 940 962 973 979 987 988 993 