1557
11 12 18 26 29 34 38 51 82 83 89 94 96 114 133 155 164 172 173 177 178 204 211 220 226 228 252 257 262 269 271 275 280 282 287 297 298 316 319 325 342 343 364 374 394 404 407 414 420 421 427 447 471 484 496 498 499 508 518 521 529 530 544 545 550 551 552 554 558 560 565 576 594 600 609 613 614 618 619 620 623 634 657 662 667 733 742 753 778 783 786 787 789 793 797 808 812 816 824 825 835 837 843 844 851 853 855 858 867 868 869 881 905 909 913 915 917 920 923 925 928 929 934 957 967 972 989
36 39 43 63 67 77 79 109 131 142 163 171 192 249 251 260 289 290 308 310 314 327 353 355 362 363 393 399 442 454 468 479 485 492 507 511 512 539 548 573 610 640 645 647 651 655 659 668 673 678 714 718 747 770 775 810 821 836 861 862 874 880 886 893 916 930 939 950 975 984
35 55 71 76 81 111 122 148 170 189 193 221 237 243 266 302 376 386 396 406 426 428 455 456 463 478 522 532 538 595 604 608 637 639 646 663 681 689 704 715 721 731 755 756 766 771 782 796 841 878 887 903 914 924 935 937 962 966 983
60 78 93 105 135 162 202 208 212 215 234 246 250 267 348 356 366 392 410 411 431 446 461 469 495 497 503 513 535 562 601 630 671 686 691 702 719 779 781 788 809 829 863 883 889 906 910 940 945 973 976 982 995
15 16 24 25 31 32 46 47 136 147 188 200 203 217 239 284 299 304 323 335 336 373 375 416 430 453 460 464 510 517 543 564 584 585 596 598 611 617 626 641 652 707 710 729 732 739 740 750 763 764 799 811 818 820 859 882 899 901 911 947 979 993
95 138 167 191 235 296 305 419 435 504 527 588 665 676 826 833 885 951
5 9 14 23 30 45 49 56 68 69 70 72 88 97 103 104 110 118 145 157 158 165 168 169 176 183 214 216 222 227 229 240 255 263 273 276 279 281 286 288 295 301 328 380 382 383 385 397 403 425 433 434 439 443 449 450 476 480 488 519 523 524 534 540 547 561 566 592 597 605 612 680 684 694 717 736 738 743 759 765 785 790 807 815 822 840 848 872 888 890 894 898 908 919 931 938 949 955 963 968 971 978 980 981 992
44 73 74 121 134 186 245 278 303 401 440 457 482 493 553 607 660 687 688 698 699 711 746 754 761 798 804 842 912 932 977 987
7 8 20 21
13 27 28 40 41 107 113 151 174 198 285 293 309 334 345 354 387 415 506 569 654 725 726 791 800 873 877 879 961 999
17 33 42 48 50 53 54 57 58 80 90 91 100 101 106 108 130 161 179 187 230 231 232 247 248 265 274 292 294 318 321 322 326 329 330 333 346 349 378 384 402 405 409 413 429 436 441 448 451 462 474 475 514 515 531 555 556 563 580 581 583 590 616 631 632 635 636 644 648 669 677 683 690 703 705 706 708 713 748 752 762 769 780 794 806 832 834 838 884 892 904 922 941 948 956 974 985 988 991 994 998
2 62 84 99 125 132 143 144 150 156 166 175 184 190 196 236 242 254 256 300 331 337 339 350 351 358 359 367 379 388 391 473 489 509 536 546 567 568 571 577 579 582 602 606 622 624 625 638 653 675 697 701 716 767 774 776 801 827 828 849 856 870 900 926 943 944 952 965 970 997
52 87 98 102 119 127 140 152 180 194 205 209 264 291 306 320 324 347 357 365 371 377 389 390 400 412 438 458 465 466 470 472 494 500 526 557 627 629 643 649 664 666 672 685 696 709 720 737 768 784 803 805 839 847 854 865 866 871 875 907 936 942 958 959 986 996
3 6 22 37 59 65 66 75 112 117 123 124 128 129 137 139 141 146 149 153 159 181 182 185 201 206 210 213 218 219 223 224 225 233 238 241 244 253 258 261 268 270 272 277 307 311 313 315 317 332 338 340 360 368 369 370 372 381 408 417 422 423 424 432 437 445 452 459 467 481 483 486 491 505 516 520 528 537 549 570 572 575 589 591 593 599 603 615 628 642 656 658 670 679 700 712 722 723 724 728 741 745 757 758 760 772 773 777 792 795 813 814 817 823 830 845 850 852 857 860 876 895 897 902 921 927 933 954 960 964 969
1 4 10 19 61 64 85 86 92 115 116 120 126 154 160 195 197 199 207 259 283 312 341 344 352 361 395 398 418 444 477 487 490 501 502 525 533 541 542 559 574 578 586 587 621 633 650 661 674 682 692 693 695 727 730 734 735 744 749 751 802 819 831 846 864 891 896 918 946 953 990
