999
19
691 503 513
506 655 626
505 589 697
-925 904 -968
573 694 520
695 907 915
976 608 970
549 662 630
571 962 942
687 636 523
518 968 605
604 502 591
561 982 985
931 925 961
602 -900 -64
653 622 562
607 647 521
934 -23 927
589 960 984
-96 657 996
517 670 631
542 657 562
634 660 533
645 582 588
908 665 -933
-927 -990 -34
539 592 603
677 525 545
666 540 613
913 989 694
524 696 609
684 564 683
610 686 500
684 659 687
634 646 558
946 -56 973
569 529 568
620 -904 -2
-966 -913 -909
-91 912 -31
-991 2 975
530 628 581
980 941 688
519 683 584
632 691 594
-992 -941 11
670 75 503
510 687 653
-21 -935 627
569 608 565
971 -76 599
-83 587 -976
-935 98 -904
-969 952 509
630 636 51
978 -976 -986
91 -952 -911
-927 948 683
967 57 -925
538 664 555
694 958 96
87 557 5
50 555 954
648 510 653
501 540 520
516 643 615
570 661 609
-100 961 -967
606 654 681
61 978 697
-928 -20 -923
686 566 574
-40 947 43
619 -88 961
548 997 -33
699 601 547
606 541 627
547 30 62
640 556 593
610 680 611
92 52 521
-910 -3 562
517 529 686
33 -955 -903
609 579 634
507 619 683
-931 -48 -63
-960 588 564
-98 -91 529
697 522 565
521 670 590
692 554 610
-997 57 -967
948 -909 -87
604 -41 670
-90 -907 675
936 76 652
48 544 -959
992 974 968
538 581 610
929 49 570
-13 647 78
635 533 507
650 639 694
-993 -99 958
676 501 593
677 622 548
964 997 956
668 672 -995
50 664 -965
564 579 615
569 510 503
-61 -919 -25
682 957 611
-989 554 675
-97 924 -904
628 527 587
527 686 700
644 622 506
-901 41 978
544 635 502
556 587 511
998 947 596
603 565 683
621 584 641
687 647 655
966 -6 -929
-980 682 941
657 533 667
543 673 952
662 692 522
546 632 675
679 610 645
46 -933 917
521 608 678
645 556 612
550 682 610
577 551 688
696 964 -54
-973 58 929
913 512 -78
84 500 519
923 -907 16
676 687 501
991 -927 700
540 650 527
670 978 -929
518 607 509
996 676 -989
678 696 594
646 599 700
565 -50 574
586 658 521
-975 -928 -929
674 -999 -58
905 -964 -982
661 661 593
985 -8 969
925 589 86
915 -973 942
574 624 655
615 636 533
553 528 935
584 620 669
550 517 684
636 525 655
635 -982 -23
663 520 688
610 972 939
685 677 541
666 519 560
565 660 700
-986 602 992
568 612 664
688 -974 -998
-978 632 985
525 537 632
650 637 591
99 964 909
984 -47 3
-5 -925 918
504 590 612
931 45 -951
67 914 -922
35 583 997
974 902 960
978 969 923
62 -11 -9
579 559 583
666 515 546
940 900 -10
588 554 661
632 658 697
651 671 674
532 566 600
698 618 656
658 74 -935
-935 31 636
-31 949 672
578 533 535
602 534 633
678 623 563
648 688 516
677 574 599
538 623 617
526 548 592
532 544 545
678 599 670
559 598 657
958 691 576
89 61 -71
559 574 656
523 97 990
624 635 583
562 698 548
650 603 700
609 684 623
992 909 -970
577 692 620
570 586 599
509 607 565
679 926 -988
49 50 935
517 911 -978
100 -992 591
-907 575 595
659 60 958
530 591 544
551 527 540
956 -963 569
647 577 520
685 621 609
-18 -908 -989
562 508 690
999 -972 -960
607 98 953
-89 -911 -978
502 -995 573
656 630 587
552 613 645
11 -79 985
556 559 590
681 534 553
567 -942 -909
1000 965 982
-71 -988 922
-76 986 961
565 660 548
-14 -963 638
971 606 912
921 511 83
504 680 627
545 597 699
526 616 616
655 518 532
687 630 561
571 594 564
610 646 577
-968 999 666
688 631 666
999 676 929
-967 -76 986
653 667 553
-916 -993 -927
44 -909 -977
964 -969 -912
20 949 971
673 528 666
10 643 -76
577 541 668
566 530 7
547 580 678
676 612 536
617 630 615
666 626 612
6 -62 -918
504 511 686
913 521 -969
668 100 970
604 646 633
676 665 659
684 953 922
518 552 640
699 675 606
589 623 564
952 -97 698
625 572 623
995 548 -990
-939 -99 -933
695 507 566
512 690 697
-946 646 956
524 512 638
582 -5 531
-950 906 -952
569 589 557
911 920 32
694 536 641
38 970 939
69 696 -992
590 585 632
668 513 696
627 606 564
517 675 608
981 94 -907
-917 561 520
67 -98 938
514 994 661
555 618 595
685 578 691
559 543 637
-97 -920 -67
548 518 3
622 681 642
569 614 527
683 625 545
677 516 619
520 -977 -997
559 539 521
579 910 14
598 700 599
-92 -94 578
959 633 905
644 623 569
917 995 547
902 -966 527
637 568 697
594 528 507
926 90 -906
580 688 635
684 506 667
650 662 537
939 953 -79
542 622 574
594 614 606
603 661 638
607 911 -52
5 683 953
53 596 949
625 528 604
620 566 540
690 18 903
575 -60 -963
621 682 87
526 521 -934
504 548 650
528 603 530
510 530 603
-28 951 919
563 636 552
660 -980 964
516 623 560
567 699 595
73 912 689
549 597 597
550 608 581
901 -954 569
580 -80 910
571 599 692
-42 -999 907
594 909 538
676 503 564
526 569 642
685 581 600
601 638 690
541 554 579
556 541 683
630 577 647
562 589 662
503 697 633
601 652 507
976 -974 922
51 -90 -53
520 595 609
-912 -72 624
527 643 678
-926 586 -49
968 53 562
633 606 513
538 511 593
-959 971 -66
-977 633 -87
-65 -965 -984
632 661 533
536 670 651
671 651 503
74 989 962
595 624 504
547 563 560
-979 982 990
634 526 664
967 -926 930
638 530 573
951 -988 630
650 610 678
-942 506 924
957 -12 -16
957 594 568
-968 -930 -51
-68 -908 -83
639 531 658
655 527 611
619 630 629
648 567 636
684 536 530
577 523 568
694 581 539
678 685 541
547 501 519
590 630 502
700 698 693
-992 72 -918
647 606 583
640 47 995
690 700 538
619 617 545
694 547 629
501 637 571
574 558 663
667 579 593
642 577 674
514 645 678
572 589 528
652 527 695
-925 568 599
535 591 572
20 969 641
510 525 549
-51 -946 944
611 595 664
526 684 694
580 974 999
611 514 551
-998 680 69
587 505 607
503 938 -953
579 568 691
-56 613 940
598 600 622
590 551 533
684 980 -46
919 627 920
940 926 626
-52 667 928
946 987 -904
582 512 50
-912 914 950
697 507 -96
558 900 64
942 980 -931
517 640 682
98 976 53
-70 -82 691
652 563 611
933 -902 -919
627 627 671
-941 553 92
974 90 -932
932 61 -951
-94 667 934
575 566 674
686 510 592
611 577 555
523 581 641
646 649 691
-910 901 573
19 70 508
632 642 557
947 980 964
577 45 71
559 -90 -949
604 553 627
518 629 677
-995 -70 -950
-941 986 -977
593 637 688
695 687 675
-930 -906 929
534 506 640
-974 910 53
955 -985 -36
676 670 513
577 505 630
67 632 -976
634 556 507
668 575 680
-983 976 56
913 -980 -83
584 -989 -951
625 598 694
620 606 517
514 549 566
-924 923 -932
962 -976 -44
507 658 543
925 -19 981
692 646 631
543 520 579
698 607 570
-999 -27 977
587 654 524
-13 979 -955
681 580 693
576 683 668
569 683 539
993 55 76
627 506 970
-92 509 23
-55 28 -84
-995 -935 903
-961 -963 -55
700 654 622
671 559 628
646 -946 971
594 633 629
501 -28 969
661 694 938
526 663 675
974 -920 566
616 616 537
-993 906 35
689 648 540
684 913 -965
-953 36 -16
-75 958 -94
-992 -952 -40
645 591 592
-922 979 -920
924 974 699
-981 -2 -922
546 570 -909
603 646 650
583 600 533
629 630 609
521 539 604
518 620 646
611 555 521
68 548 503
520 518 560
593 604 530
506 634 694
-998 15 -91
669 609 529
620 94 991
574 670 573
-985 -963 968
529 23 660
-51 -901 957
505 668 500
-924 -73 -35
950 -994 901
666 -965 628
940 84 679
626 620 679
531 583 699
509 551 628
82 -972 911
623 535 550
589 540 514
567 594 700
941 -973 -35
565 653 685
541 649 667
560 659 690
699 532 633
688 591 506
-976 572 -955
669 639 577
909 961 91
561 -913 525
-8 683 -984
-940 -948 -66
-962 26 -915
-78 650 -934
508 516 602
579 576 681
574 555 644
561 655 631
566 672 658
99 -938 83
638 500 679
512 674 614
557 1 981
-932 507 926
-18 -992 -919
663 519 610
671 -909 -955
-930 518 694
505 673 510
978 683 39
1000 998 506
-8 914 689
600 603 513
558 920 -98
657 555 663
-25 946 -11
48 -904 912
542 651 588
574 641 641
21 930 -50
695 625 664
-998 85 585
660 581 586
601 675 -958
682 902 -932
631 581 606
-922 988 50
-962 -991 -924
944 581 -88
619 -958 925
45 -19 -904
596 655 574
537 523 509
-996 -979 -906
620 512 622
-950 688 998
659 651 700
584 907 652
543 509 677
903 40 990
667 635 661
586 549 649
639 563 525
-50 -974 12
651 684 693
644 655 590
-18 70 -999
578 -80 -969
605 524 686
-916 913 937
684 551 697
909 99 959
583 511 623
625 619 504
983 -60 991
696 668 648
559 603 638
645 604 685
75 528 553
587 636 651
-937 692 542
920 -26 636
540 523 657
983 99 616
953 5 -994
-944 609 570
656 611 586
506 624 621
-925 949 996
595 643 629
650 595 645
666 908 652
-77 8 670
-92 542 955
936 549 -980
515 678 639
-901 -930 999
562 574 24
1000 561 -982
46 -957 44
586 659 525
592 588 635
537 -910 -931
676 589 593
683 539 609
-41 939 658
681 524 674
567 960 -971
654 536 519
544 587 669
623 659 679
-909 919 -80
-936 -901 972
-922 675 -58
561 699 528
-981 -8 960
614 621 670
635 659 645
909 997 575
-913 -955 21
-28 -48 -58
500 546 674
661 911 555
630 604 509
672 525 546
693 -939 21
567 -914 -97
662 625 669
575 613 545
998 -58 -27
916 644 -962
929 -957 -921
929 630 694
698 567 545
663 584 675
945 -962 -62
634 696 599
579 82 990
931 935 908
642 541 574
540 659 509
-922 -986 -999
-97 607 631
994 699 582
935 673 927
515 506 510
667 557 523
690 72 -86
-949 -1000 989
-85 -951 -923
674 672 538
512 512 592
515 614 637
-942 635 999
968 -82 -971
-97 -957 692
698 571 577
-918 966 561
635 635 659
-976 22 963
65 914 508
-48 644 916
559 640 589
697 550 594
-908 628 918
41 -962 -976
54 615 63
949 -90 973
-70 -991 617
547 594 514
539 526 516
-929 -12 -942
626 696 538
667 543 507
961 -914 -944
526 657 616
629 574 525
561 573 545
626 541 581
519 -981 982
549 593 504
-995 506 -41
8 623 630
665 697 598
506 513 615
589 902 605
-965 607 553
-975 -966 28
960 656 68
692 560 550
527 592 700
696 500 503
616 585 534
-45 -968 924
24 964 900
569 -999 647
585 638 525
519 554 561
697 933 988
659 555 613
-912 -989 974
15 1 -26
943 -979 -991
-952 655 965
-905 691 -958
601 545 694
583 632 600
902 584 579
608 519 642
-909 -950 907
545 576 593
545 913 66
534 603 531
532 -903 935
-991 -30 -901
526 544 576
593 914 86
557 563 668
533 592 623
540 523 639
508 690 506
17 50 947
688 638 630
935 -938 657
574 -908 958
664 36 78
-960 696 565
683 600 516
616 637 553
993 -919 549
614 667 553
-928 -951 -950
561 520 575
514 501 632
655 564 515
14 -72 -937
-921 10 -73
693 669 524
624 672 640
-57 932 562
929 630 -941
660 534 660
551 673 638
931 -95 638
-957 -87 978
996 967 -962
548 661 557
694 650 533
575 654 538
672 952 673
651 510 512
598 510 577
927 -915 982
-900 -999 -992
688 586 683
678 594 581
-946 906 980
658 536 519
623 683 518
-930 -983 626
692 -984 -909
698 620 513
526 512 684
651 637 511
611 679 685
700 55 534
564 532 625
637 -913 -920
-3 958 559
658 574 565
592 697 589
939 57 641
647 -30 -985
680 77 -941
698 517 571
545 582 658
513 -983 23
666 570 557
538 508 682
600 7 681
504 -947 514
648 649 624
667 646 687
576 535 509
918 67 643
667 552 666
986 -79 -83
949 625 940
553 505 609
558 582 511
578 631 526
577 504 681
-927 995 938
560 666 640
643 550 567
77 94 -962
658 690 537
927 -937 -906
593 504 530
515 698 521
699 675 667
-943 921 -954
508 565 514
85 994 655
-908 -926 -990
-903 922 947
974 688 -924
601 521 556
524 674 526
-968 -995 -958
-909 974 -951
524 632 682
502 646 -988
633 8 -921
980 987 -20
-978 935 -920
65 905 -97
524 592 671
572 650 682
558 512 510
981 596 -920
627 914 597
525 525 628
699 639 588
636 61 -92
538 551 523
682 542 657
567 -968 -979
77 512 647
578 689 656
645 562 540
58 958 915
600 -916 84
648 563 629
12 919 579
-935 -990 699
-938 28 -88
698 61 558
644 502 606
672 -939 528
614 620 659
631 622 527
637 -932 -936
566 568 612
25 577 945
-940 91 980
514 590 516
505 673 516
516 558 561
527 587 689
540 583 966
95 960 700
919 916 -934
939 906 639
689 665 660
627 610 525
544 673 608
670 600 572
540 543 571
599 509 618
697 541 600
529 576 544
-979 951 983
593 913 584
642 598 584
566 19 -925
-913 986 -942
569 597 604
546 943 -910
694 645 564
32 100 -87
594 673 511
699 536 658
668 520 684
658 552 664
992 -983 990
624 536 552
984 -970 632
503 661 609
608 646 575
668 661 529
580 615 654
603 952 945
585 572 656
643 552 655
-980 49 972
646 652 507
552 698 610
937 636 -941
573 508 585
644 915 970
994 676 934
700 556 526
582 693 686
626 949 -927
568 612 660
606 965 -58
553 574 504
565 572 608
540 971 -959
653 553 530
27 -24 516
665 549 504
-962 981 -955
679 569 674
-986 -976 20
-957 -917 670
655 605 686
670 608 616
613 561 609
-986 -972 56
952 -987 910
507 537 640
-942 -77 942
596 -10 -68
646 541 545
72 -977 35
611 568 507
606 584 553
977 -54 913
593 644 697
682 572 612
-961 -977 909
504 -935 554
954 907 -12
905 545 963
668 679 518
524 647 581
24 -925 -942
578 585 654
-966 30 668
931 967 621
610 572 618
617 606 666
589 695 616
527 -968 518
591 567 658
622 604 639
566 691 511
