2180
2 4 11 18 34 37 42 48 51 71 96 98 102 106 109 126 131 136 139 170 185 198 199 200 205 207 212 221 226 230 237 240 252 278 281 283 295 297 307 322 335 337 350 358 359 368 370 416 421 427 435 448 474 484 490 497 506 514 524 527 532 538 542 560 569 575 576 589 601 609 625 636 638 650 657 663 674 679 694 712 714 718 733 748 753 758 769 778 807 811 817 820 841 850 851 859 863 878 893 905 916 920 924 926 927 950 961 971 984
10 12 19 35 46 55 61 69 70 74 86 103 123 129 150 154 167 184 189 194 201 217 219 229 232 233 238 247 254 261 267 269 275 291 321 364 381 387 388 403 406 409 412 450 465 479 498 499 518 534 547 551 552 554 588 593 595 604 606 619 632 653 661 670 671 697 701 715 717 740 743 759 765 767 791 800 805 808 815 826 839 840 845 847 854 860 870 882 890 902 921 932 934 964 980 989
1 43 57 64 90 121 152 153 156 160 187 210 211 223 255 271 272 290 304 308 311 318 324 328 336 352 353 355 360 366 369 394 400 402 407 417 422 429 436 456 457 458 464 466 502 507 510 513 530 536 543 545 562 566 578 581 605 608 611 626 628 637 646 647 656 698 711 722 746 780 782 787 792 799 809 821 825 836 857 873 884 908 910 922 948 955 958 975 978 986 1000
25 31 36 38 58 59 72 88 105 108 114 118 137 158 163 183 191 206 209 234 253 258 282 306 340 343 349 356 363 391 392 397 404 408 418 433 461 470 496 511 516 579 591 602 613 640 652 664 669 678 686 690 695 708 710 721 735 757 761 770 771 775 779 798 801 818 876 886 896 913 915 919 954 968 974
3 7 14 29 33 40 47 49 53 62 87 93 94 97 104 125 140 141 143 146 155 171 175 182 192 202 208 218 222 256 257 263 279 300 319 320 323 338 361 377 411 423 430 440 441 442 453 462 487 492 494 504 522 541 544 549 550 559 565 567 570 573 584 597 599 616 627 631 649 662 667 696 702 709 727 730 738 742 755 756 766 768 790 806 829 852 853 856 866 871 883 892 912 933 941 943 952 962 982 987 990 998
6 16 24 60 65 79 80 81 84 110 119 122 124 127 128 138 144 145 157 176 179 196 197 246 294 303 309 312 314 315 316 327 341 342 357 372 393 399 419 431 446 449 459 460 468 482 486 488 501 509 520 523 539 553 558 571 574 592 614 618 660 668 683 689 706 726 731 747 750 754 777 784 833 842 846 849 858 874 879 889 894 914 923 925 928 936 947 953 963 969 970 973 994 996
21 27 32 39 83 89 91 113 120 133 135 149 151 162 165 168 174 190 193 228 236 239 245 248 265 285 287 329 339 346 347 365 375 376 385 432 438 454 471 480 505 517 526 561 572 580 594 603 607 610 612 615 634 639 641 644 651 676 687 691 699 716 720 728 739 741 745 749 763 774 794 796 802 804 813 814 819 823 828 830 844 848 877 911 930 931 939 945 949 966 979 981 995
5 9 41 50 56 68 78 92 95 142 164 169 173 178 216 231 244 259 264 266 270 280 288 289 302 310 333 345 362 373 374 379 384 395 396 410 415 434 437 439 467 469 472 473 477 489 491 495 503 512 555 577 583 585 586 596 600 621 629 642 659 675 677 684 692 693 700 704 736 737 773 786 788 793 803 810 831 832 834 837 838 855 868 880 891 897 901 906 909 917 935 940 946 959 965 988 992 993
8 13 20 22 30 66 77 85 101 111 117 132 188 195 215 220 224 249 250 260 284 292 293 301 313 317 325 326 351 354 386 420 424 443 447 451 475 476 481 521 528 529 531 533 546 557 587 590 620 635 643 648 654 655 673 685 705 723 724 772 783 797 827 835 861 862 872 881 899 929 957 960 967 991 997
15 28 63 67 76 100 107 112 115 147 148 159 161 166 177 180 181 186 204 213 227 235 241 251 273 274 286 298 330 332 334 344 389 398 401 425 444 445 455 478 483 493 500 508 515 519 535 537 556 563 564 582 622 624 645 658 672 682 703 707 713 744 776 822 864 865 867 875 888 895 904 907 937 938 951 956 977 999
17 23 26 44 45 52 54 73 75 82 99 116 130 134 172 203 214 225 242 243 262 268 276 277 296 299 305 331 348 367 371 378 380 382 383 390 405 413 414 426 428 452 463 485 525 540 548 568 598 617 623 630 633 665 666 680 681 688 719 725 729 732 734 751 752 760 762 764 781 785 789 795 812 816 824 843 869 885 887 898 900 903 918 942 944 972 976 983 985
