1731
32 37 57 60 73 81 85 92 98 117 124 128 166 213 218 232 262 271 276 285 289 293 319 334 397 422 464 482 485 486 532 551 556 559 560 577 586 601 604 739 741 743 758 789 860 896 908 917 941 950 967 970 977
9 14 28 29 36 62 72 77 80 99 111 148 187 205 227 251 258 263 275 298 333 380 383 406 427 434 443 450 466 468 504 510 521 536 541 543 578 580 590 600 622 646 659 694 695 703 718 722 738 754 766 772 777 784 788 806 809 811 812 817 865 866 869 910 912 976 978 981 984 989
11 65 90 123 129 133 143 145 158 199 212 220 221 270 337 352 408 409 423 451 513 516 522 530 531 623 635 654 690 717 724 733 734 763 771 779 780 813 818 839 857 928 929 933 951 991 995 1000
1 6 22 38 46 54 87 110 115 125 136 155 184 190 197 206 211 234 250 261 267 273 283 305 327 329 342 358 371 385 429 435 471 473 475 483 484 492 501 503 534 545 549 552 561 593 617 619 633 634 653 740 750 836 854 876 907 931 954 960 972 994
53 78 83 135 202 236 238 242 246 253 272 320 328 341 357 362 374 400 436 512 529 562 572 602 625 629 660 669 696 719 765 792 800 848 880 881 897 932 943 973 987
10 17 34 58 64 82 101 108 112 137 176 181 233 241 243 255 260 264 269 292 294 295 303 325 332 335 351 363 377 398 405 425 428 437 498 508 535 582 651 675 701 707 715 768 802 805 847 851 853 856 906 930 955 962 980 982
5 71 76 97 141 173 249 278 306 413 426 458 465 476 502 608 624 652 664 671 676 727 826 831 862 864 877 892 927 938 952
25 74 79 96 146 150 163 179 203 207 230 247 284 301 309 316 326 346 378 399 432 445 467 490 499 506 542 576 581 583 620 632 678 688 705 712 742 745 752 825 835 842 849 872 909 920 945 953 983
21 24 43 66 88 118 122 154 177 186 191 198 210 237 282 296 323 343 386 390 393 419 421 439 444 495 540 557 575 587 610 611 614 616 641 642 657 663 679 693 716 737 744 787 797 829 833 846 850 852 868 937 948
63 86 119 126 142 160 171 178 195 200 209 219 229 235 239 248 277 291 314 365 372 375 395 420 424 453 550 570 592 605 627 645 670 684 730 732 761 774 823 878 884 889 923 944 949 969 997
16 19 39 103 116 121 147 151 188 216 244 302 310 368 388 411 416 448 456 496 524 525 537 565 567 568 571 594 599 682 757 804 816 828 838 855 893 904 911 935 992 993
20 48 55 59 67 70 89 93 102 114 120 132 134 149 168 185 192 193 214 223 224 257 259 274 280 348 359 418 442 463 511 519 520 547 589 595 615 636 640 661 706 711 759 781 785 815 883 903 914 934 963 966 986 988
4 30 31 106 109 140 144 174 189 217 245 254 287 288 297 299 311 338 353 360 376 391 394 412 438 454 477 497 514 527 546 553 554 573 591 598 607 666 673 687 689 700 710 748 756 794 814 820 843 867 882 886 898 918 971 990
13 47 127 130 215 281 317 330 369 384 389 396 402 414 452 505 507 509 518 533 574 588 643 662 674 677 699 702 708 720 770 786 796 808 821 827 840 863 885 895 968
23 33 40 104 165 167 182 240 268 286 324 339 354 356 373 379 392 401 430 449 455 479 481 489 609 628 649 665 667 672 697 753 762 767 769 791 822 824 832 861 870 890 891 913 915 946 979
12 27 35 50 56 69 84 91 105 113 156 161 162 164 170 183 194 222 225 279 307 308 331 336 344 361 403 415 459 461 470 488 491 528 538 558 569 596 613 621 630 656 683 685 686 731 746 776 799 830 845 871 924 925 926 940 959 975 996 999
3 8 18 41 94 100 107 152 180 231 252 290 304 315 321 340 381 387 404 433 460 472 474 480 487 494 515 526 544 579 612 626 631 639 658 680 681 691 698 721 728 736 749 778 782 879 939
45 49 68 75 138 208 256 312 318 345 347 431 440 447 457 493 563 566 585 597 603 618 637 638 648 650 704 735 751 760 801 803 834 837 873 957 985 998
15 26 52 61 139 157 159 175 196 204 226 228 265 300 313 322 349 350 367 370 407 417 441 469 478 517 539 555 564 644 655 668 692 725 726 747 755 773 775 795 798 807 844 859 874 887 888 900 901 905 916 919 921 936 942 947 956 965
2 7 42 44 51 95 131 153 169 172 201 266 355 364 366 382 410 446 462 500 523 548 584 606 647 709 713 714 723 729 764 783 790 793 810 819 841 858 875 894 899 902 922 958 961 964 974
