1251
94 237 314 361 424 782 877 921 980 985 997
8 10 11 20 21 30 42 45 49 54 59 62 66 76 88 98 102 120 123 132 148 186 189 191 195 203 204 207 220 223 247 250 251 268 272 304 334 345 356 359 371 375 391 404 412 423 431 432 448 453 461 471 473 479 488 494 508 511 517 531 534 539 555 559 568 570 579 584 599 613 628 648 649 669 673 675 677 680 684 697 707 709 715 717 718 726 732 771 776 795 809 812 816 819 834 836 838 840 842 848 849 857 860 862 888 897 901 910 911 914 924 927 951 954 963 981 984 999
9 12 29 37 38 68 79 95 108 117 136 139 166 170 177 194 200 202 225 226 232 248 253 254 258 260 261 276 277 282 288 312 332 337 347 363 405 409 410 430 434 459 470 474 476 482 489 491 493 499 516 519 520 544 547 551 565 573 575 582 587 603 623 629 634 636 667 672 686 711 719 727 731 748 753 756 757 768 784 786 792 799 800 804 821 828 831 833 835 841 851 859 876 878 880 882 884 891 895 905 908 916 930 937 940 943 962 973 979 987 994
17 18 22 25 31 39 41 46 50 52 63 64 69 70 74 77 78 105 112 113 114 128 137 154 156 162 169 175 181 185 208 210 215 219 235 238 244 255 259 262 263 273 278 286 299 303 308 310 313 318 340 341 355 357 368 379 382 400 416 421 428 440 446 465 467 468 478 483 487 490 497 503 505 506 514 529 530 533 540 560 569 576 592 605 612 620 626 627 635 640 647 656 657 659 668 671 678 701 706 708 710 712 714 720 734 755 760 766 785 794 807 810 837 839 847 850 864 871 872 874 892 903 906 912 913 917 920 976 977 978 983 989 998
2 6 14 16 23 51 56 58 72 81 90 91 93 110 116 121 125 126 160 165 172 173 182 187 192 211 213 234 243 252 265 271 274 279 283 306 311 315 322 323 324 327 331 336 343 348 353 366 373 384 390 393 395 397 401 406 407 419 425 429 436 438 439 442 444 451 454 460 481 484 485 507 510 512 521 522 535 552 554 571 574 577 578 580 585 600 607 608 614 625 638 645 646 651 653 654 664 666 681 683 693 696 702 724 725 745 747 752 764 770 774 787 788 818 820 824 845 855 858 866 886 890 899 915 931 933 945 947 956 961 964 968 969 975
4 7 34 48 75 130 151 199 224 239 280 342 344 354 358 396 472 501 564 594 639 650 652 670 676 698 777 780 796 797 854 867 870 942 952 958
3 5 24 33 43 61 65 71 73 80 84 87 97 100 104 106 119 124 129 141 147 153 167 168 174 180 190 206 212 221 222 227 230 240 246 256 264 267 287 289 297 305 317 320 325 328 329 346 364 367 374 378 383 411 445 455 457 463 466 480 496 500 525 527 528 532 538 545 549 557 558 562 566 583 596 601 604 611 616 617 622 632 642 643 658 674 685 689 690 703 716 730 735 736 737 738 746 758 759 761 762 763 767 779 789 793 805 814 817 823 826 829 830 843 856 869 873 881 889 893 900 904 907 923 934 935 946 948 967 971 982 986 991 996
1 44 67 82 109 122 133 152 231 275 319 338 370 372 376 427 435 456 502 513 537 561 586 602 679 751 765 803 844 852 902 919 936 939 950
157 214 218 249 270 298 662 729 781 822 974
96 135 142 209 233 266 284 290 291 351 385 398 426 433 437 486 504 688 691 790 832 879 887 944
28 35 40 111 150 176 179 333 369 380 418 518 536 548 695 791 883 953
47 57 60 92 99 101 103 127 134 144 145 146 155 164 183 188 193 217 228 281 301 302 307 316 339 350 360 377 386 392 399 403 408 414 415 417 447 449 450 452 458 469 475 477 492 498 509 523 524 541 542 556 563 567 581 591 593 597 621 624 661 692 722 723 741 744 769 773 775 783 802 806 811 813 825 846 868 875 896 898 909 922 929 938 941 949 957 959 960 965 966
389 394 441 462 464 754 918 990
163 201 236 242 257 610 772 853 928 988 993
13 15 19 26 27 32 36 53 55 83 85 86 89 107 115 118 131 138 140 143 149 158 159 161 171 178 184 196 197 198 205 216 229 241 245 269 285 292 293 294 295 296 300 309 321 326 330 335 349 352 362 365 381 387 388 402 413 420 422 443 495 515 526 543 546 550 553 572 588 589 590 595 598 606 609 615 618 619 630 631 633 637 641 644 655 660 663 665 682 687 694 699 700 704 705 713 721 728 733 739 740 742 743 749 750 778 798 801 808 815 827 861 863 865 885 894 925 926 932 955 970 972 992 995
