62
23 24 65 66 144 145 152 153 211 212 254 255 280 281 286 287 382 383 451 452 459 460 478 479 619 620 663 664 711 712 740 741 744 745 762 763 811 812 869 870 885 886 918 919 929 930 947
3 11 93 131 170 199 215 222 227 252 256 278 328 350 370 391 401 407 409 463 496 508 512 516 524 571 603 615 625 703 709 750 789 834 853 900 931 954
33 34 35 36 111 112 138 139 164 165 198 243 244 264 265 312 338 339 412 418 419 424 425 444 475 490 491 510 511 519 540 579 580 611 612 701 702 756 757 787 788 813 814 928 969 970
22 30 106 128 195 214 221 234 293 311 353 357 377 379 396 429 433 472 527 529 533 564 574 686 725 731 737 743 755 765 794 796 850 856 874 895 897 949 960
1 25 39 95 125 134 140 146 209 300 324 354 362 422 430 442 455 467 482 522 534 536 563 567 569 595 601 627 687 695 778 799 837 879 946
19 20 37 38 107 108 121 122 129 130 148 149 166 233 235 236 249 250 260 261 414 415 449 450 465 466 514 515 520 521 605 606 635 636 707 708 714 715 736 865 866 877 878 898 899 914 957 958 971 972
7 13 67 113 119 136 172 237 239 241 266 294 298 302 341 358 366 380 397 426 434 480 565 583 585 587 607 629 631 641 716 746 760 839 845 851 861 867 883 889 940 942 944 950 952 965
43 44 45 46 47 48 49 50 51 52 53 54 55 56 57 58 59 60 61 62 63 64 69 70 71 72 73 74 75 76 77 78 79 80 81 82 83 84 85 86 87 88 89 90 101 102 103 104 174 175 176 177 178 179 180 181 182 183 184 185 186 187 188 189 190 191 270 271 272 273 274 275 276 277 306 307 308 309 315 316 317 318 322 323 330 331 332 333 334 335 336 337 342 343 344 345 346 347 348 349 436 437 438 439 445 446 447 448 543 544 545 546 547 548 549 550 551 552 553 554 555 556 557 558 559 560 561 562 575 576 577 578 591 592 637 638 639 640 643 644 645 646 647 648 649 650 651 652 653 654 655 656 657 658 659 660 669 670 671 672 673 674 675 676 677 678 679 680 691 692 768 769 770 771 772 773 774 775 776 777 781 782 783 784 791 792 797 798 801 802 803 804 805 806 807 808 809 810 815 816 817 818 819 820 821 822 823 824 825 826 827 828 829 830 831 832 833 904 905 906 907 908 909 910 911 912 913 922 923 924 925
15 16 27 133 192 193 226 229 230 251 390 405 406 440 441 453 473 474 593 594 613 614 665 666 689 690 693 694 713 758 759 841 842 881 893 956
2 26 40 68 96 126 135 141 147 301 325 355 363 431 443 456 468 523 535 537 568 570 596 602 628 642 688 696 700 779 800 838 880
31 32 115 116 158 159 160 161 231 232 296 297 313 314 326 327 368 369 403 404 484 485 498 499 504 505 581 582 697 698 732 733 847 848 920 921 935 936 961 962
9 91 92 156 157 203 204 219 245 246 258 259 262 263 304 305 319 386 387 413 461 462 486 487 609 610 623 624 748 749 752 753 780 785 786 836 871 872 875 876 887 888 937
5 6 142 143 167 196 197 206 207 208 210 360 361 372 373 388 389 393 394 420 421 423 457 458 483 500 501 502 503 530 531 538 539 621 622 728 729 738 739 915 967 968
8 14 114 137 173 238 240 242 257 267 295 299 303 340 359 367 381 385 398 408 427 435 481 507 566 572 584 586 588 630 632 717 747 761 840 846 852 862 868 884 941 943 945 953 966
41 117 162 168 217 224 247 284 288 364 374 411 416 488 492 518 541 597 599 617 681 718 720 726 734 766 857 859 891 902 938 963
21 29 105 127 194 205 213 220 292 310 352 356 376 378 384 395 428 432 471 506 526 528 532 573 685 724 730 742 754 764 793 795 849 855 873 894 896 948 959
17 97 99 109 123 150 154 201 268 282 290 320 399 469 476 494 589 633 661 667 683 699 705 722 843 863 916 926 933
4 10 12 28 42 94 132 171 200 216 223 228 253 279 329 351 371 392 402 410 454 464 497 513 517 525 604 616 626 704 710 751 790 835 854 882 901 932 955
18 98 100 110 124 151 155 202 269 283 291 321 400 470 495 590 634 662 668 684 706 723 844 864 917 927 934 964
118 120 163 169 218 225 248 285 289 365 375 417 477 489 493 509 542 598 600 608 618 682 719 721 727 735 767 858 860 890 892 903 939 951
