594
399 402 410 419 428 433 434 438 448 451 452 455 459 461 463 471 486 491 499 502 503 504 513 525 527 531 543 544 550 567 575 595 599 600 611 615 628 633 634 636 651 652 657 663 664 681 685 688 692 695 696 724 728 730 732 733 735 741 745 751 755 760 765 766 769 777 782 789 794 795 801 803 805 806 810 821 825 830 842 846 847 849 851 857 861 871 873 886 893 897 899 904 905 924 926 927 933 934 939 943 948 953 977 990 991 993 994
93 94 95 96 97 98 99 100 101 102 103 104 105 106 107 108 109 110 111 112 113 114 115 116 117 118 119 120 121 122 123 124 125 126 127 128 129 130 131 132
291 292 293 294 295 296 297 298 299 300 301 302 303 304 305 306 307 308 309 310 311 312 313 314 315 316 317 318 319 320 321 322 323 324 325 326 327 328 329 330
29 30 31 32 33 34 35 36 37 38 39 40 41 42 43 44 45 46 47 48 49 50 51 52 53 54 55 56 57 58 59 60 61 62 63 64 65 66
333 334 335 336 337 338 339 340 341 342 343 344 345 346 347 348 349 350 351 352 353 354 355 356 357 358 406 414 417 425 435 460 466 468 481 492 498 509 514 515 520 524 533 537 539 545 553 554 556 561 563 572 574 582 583 589 591 596 606 608 618 625 627 631 641 643 659 660 662 667 672 673 682 686 690 694 697 708 717 726 737 747 756 771 774 784 787 792 796 802 824 829 832 834 848 850 858 859 868 889 898 907 908 909 910 913 914 915 918 919 937 941 945 947 960 963 965 969 972 974 975 976
1 2 3 67 68 69 133 134 135 199 200 201 202 203 204 265 266 267 268 269 270 271 272 273 274 275 276 277 278 279 280 281 282 283 284 285 286 287 288 289 290 331 332 418 436 443 445 447 453 456 472 475 478 479 490 495 500 510 530 534 538 546 578 586 598 605 616 623 638 642 647 661 677 683 691 693 712 719 722 729 731 736 746 750 775 783 793 804 811 812 813 823 826 840 843 844 854 856 863 866 870 876 881 885 894 900 912 932 949 956 957 966 967 971 983 985
159 160 161 162 163 164 165 166 167 168 169 170 171 172 173 174 175 176 177 178 179 180 181 182 183 184 185 186 187 188 189 190 191 192 193 194 195 196 197 198
205 206 207 208 209 210 211 212 213 214 215 216 217 218 219 220 221 222 223 224 225 400 404 409 411 422 426 429 431 437 439 441 442 462 467 469 484 485 489 494 528 529 548 549 555 565 568 580 587 588 590 593 594 601 604 613 630 632 640 648 650 665 674 678 698 704 715 716 718 734 744 748 752 758 763 770 776 790 809 815 818 820 822 860 862 872 902 916 922 923 925 938 944 954 955 961 962 964 968 970 979 982 984 989
139 140 141 142 143 144 145 146 147 148 149 150 151 152 153 154 155 156 157 158 405 407 412 413 446 449 450 470 476 480 483 496 501 505 508 523 532 551 552 562 576 577 579 581 597 603 610 619 635 645 655 656 671 675 676 680 687 700 701 705 711 713 714 723 725 727 738 753 759 761 764 772 779 788 797 798 814 831 835 836 839 845 853 875 878 883 888 890 892 895 911 930 935 951 973 987 988 992
226 227 228 229 230 231 232 233 234 235 236 237 238 239 240 241 242 243 244 245 246 247 248 249 250 251 252 253 254 255 256 257 258 259 260 261 262 263 264
4 5 6 7 8 9 10 11 12 13 14 15 16 17 18 19 20 21 22 23 24 25 26 27 28 398 401 408 415 420 423 427 430 440 454 464 465 482 487 506 507 516 518 522 526 535 540 547 557 558 566 569 584 592 602 607 614 617 624 637 649 666 668 669 670 689 702 706 710 720 721 754 773 780 781 785 786 791 799 800 807 808 817 827 833 841 867 869 880 882 887 891 906 929 952 959 978 995
359 360 361 362 363 364 365 366 367 368 369 370 371 372 373 374 375 376 377 378 379 380 381 382 383 384 385 386 387 388 389 390 391 392 393 394 395 396
70 71 72 73 74 75 76 77 78 79 80 81 82 83 84 85 86 87 88 89 90 91 92 136 137 138 397 403 416 421 424 432 444 457 458 473 474 477 488 493 497 511 512 517 519 521 536 541 542 559 560 564 570 571 573 585 609 612 620 621 622 626 629 639 644 646 653 654 658 679 684 699 703 707 709 739 740 742 743 749 757 762 767 768 778 816 819 828 837 838 852 855 864 865 874 877 879 884 896 901 903 917 920 921 928 931 936 940 942 946 950 958 980 981 986 996
