29
9 17 65 68 83 98 107 108 121 126 132 160 167 172 188 198 202 268 305 319 336 348 368 425 432 442 459 472 473 484 486 487 492 499 503 515 540 546 577 584 588 606 615 626 633 634 644 659 662 675 676 677 681 683 701 706 707 709 724 727 729 730 733 747 761 765 767
2 3 5 24 33 85 102 133 148 149 154 156 165 168 179 204 211 235 237 247 252 272 288 290 291 294 310 320 326 349 352 355 356 382 396 399 416 452 462 464 483 488 496 510 516 520 521 536
16 19 22 58 74 76 90 99 112 113 124 138 139 157 181 184 195 213 221 233 236 238 251 275 280 282 297 308 309 312 342 374 394 400 408 413 419 434 440 469 481 531 544 553 564 568 572 579 586 594 602 609 611 629 645 650 656 664 682 715 718 719 732 737 738 745
7 12 18 26 27 31 32 55 57 73 81 89 104 115 118 128 137 161 173 182 186 201 256 259 264 283 289 325 332 335 357 365 370 371 372 375 384 386 449 456 490 517 526 537 543 555 558 560 587 593 600 604 614 630 639 640 649 657 668 672 673 679 703 714 728 731
13 21 25 30 44 47 48 60 69 91 94 106 125 142 147 159 175 177 189 207 215 219 224 225 246 255 263 277 287 292 295 307 311 322 330 344 383 385 409 415 426 454 455 457 491 511 524 542 545 551 610 621 622 643 647 652 660 663 669 685 689 708 710 711
11 28 34 35 36 38 42 56 97 116 119 131 141 163 166 210 220 223 226 229 232 239 240 242 260 276 281 302 313 314 315 317 328 340 363 377 378 391 423 428 438 444 445 450 468 470 471 475 477 504 509 512 530 535 550 552 554 556 561 563 569 582
8 20 23 37 67 75 88 92 93 111 122 123 150 162 164 169 178 183 191 205 228 230 250 258 298 299 331 351 392 398 420 430 431 466 476 495 514 525 527 533 571 583 618 620 623 624 665 670 680 690 695 705 721 726 734 740 743 744 748 751 752 753 755 756 757 763 764 766 768 769 771 772 773 774 775 776 777 778 779 780 781 782 783 784 785 786 787 788 789
14 51 61 86 95 100 127 129 145 151 158 174 180 200 206 209 214 231 244 248 249 254 267 270 284 286 304 318 321 337 341 345 358 361 367 376 405 406 410 411 414 421 436 460 501 502 505 528 538 539 548 549 573 575 580 581 590 595 597 608 619 625 628 642
10 41 45 50 52 59 62 71 77 78 79 82 84 130 170 171 185 190 192 196 216 218 243 253 271 273 274 279 300 303 316 323 338 369 393 418 424 435 443 448 463 465 478 479 493 507 518 532 547 565 566 578 598 612 632 635 637 648 651 654 658 700 704 712 716 717
1 4 6 39 53 70 80 105 117 135 140 152 187 193 194 208 217 222 257 269 306 327 346 359 362 366 373 388 389 397 401 407 417 437 447 451 453 461 467 482 513 522 529 534 570 576 585 596 599 613 653 655 674 684 692 693 697 698 699 720 741 746 749 750 754 758 759 760 762 770
15 29 40 43 46 49 66 109 120 144 153 155 197 199 203 212 262 324 329 333 350 353 354 380 387 390 395 404 422 427 433 441 474 489 500 508 519 541 557 559 567 574 589 592 603 607 616 627 631 638 641 661 666 687 688 722 723 725 736 742
54 63 64 72 87 96 101 103 110 114 134 136 143 146 176 227 234 241 245 261 265 266 278 285 293 296 301 334 339 343 347 360 364 379 381 402 403 412 429 439 446 458 480 485 494 497 498 506 523 562 591 601 605 617 636 646 667 671 678 686 691 694 696 702 713 735 739
