2131
4 10 16 28 40 44 46 125 143 155 179 185 203 215 227 237 249 257 281 293 299 311 315 323 341 347 365 377 395 405 407 413 419 423 437 443 461 465 473 501 509 521 545 551 563 575 581 609 617 629 653 657 683 701 749 759
7 11 13 31 112 140 164 170 174 192 198 208 210 218 254 266 272 276 316 320 356 366 384 402 404 430 438 450 464 476 488 494 504 506 518 534 546 560 562 564 572 600 620 636 648 662 674 684 700 708 716 726 730 732 746 758 762
49 50 51 52 53 54 55 56 57 58 59 60 61 62 63 64 65 66 67 68 69 70 71 72 73 74 75 76 77 78 79 80 81 82 83 84 85 86 87 88 89 90 91 92 93 94 95 96 97 98 99 100 101 102 103 104 105 106 107 108 109 132 660
2 8 111 129 141 166 183 189 207 219 220 225 231 243 261 267 285 291 309 321 322 333 339 351 375 376 381 387 417 441 447 471 477 483 489 495 507 525 537 543 567 568 573 585 592 597 603 615 627 633 675 687 699 717 718 729 735 753 754
6 20 30 32 38 42 121 123 135 147 153 157 165 171 195 201 217 229 235 259 271 279 295 297 319 337 357 373 385 391 399 403 429 445 451 475 499 511 517 531 539 541 549 553 565 579 591 595 631 645 649 659 679 685 693 705 709 723 731 741 751 769
3 23 27 39 45 148 178 202 214 216 232 244 250 252 256 274 292 304 334 352 364 388 394 400 406 412 436 442 454 460 492 502 514 532 538 544 580 604 628 634 640 658 664 682 688 694 696
12 24 48 128 133 139 145 151 163 175 187 193 199 211 241 242 248 277 296 343 409 410 427 433 482 487 493 500 523 529 535 547 559 583 589 607 613 625 637 643 686 691 697 715 721 745 757
18 19 127 131 137 167 191 197 209 239 245 269 275 283 305 329 335 353 367 371 379 383 425 455 467 491 497 533 557 577 587 593 605 611 635 638 650 661 665 671 677 689 695 707 713 719 743 755 768
126 144 150 162 168 177 186 196 204 226 238 246 298 300 303 318 324 327 328 346 348 354 360 393 435 448 472 474 478 498 513 516 552 556 558 561 574 576 588 606 624 630 646 651 666 669 672 681 744 763
5 17 22 29 43 114 119 120 138 149 156 161 180 200 212 221 222 230 234 240 263 270 282 287 294 308 312 317 338 342 344 359 372 386 390 396 398 401 408 414 431 444 449 456 479 480 486 527 528 542 569 570 582 599 612 623 641 654 678 690 702 714 725 738 750 756 764
9 21 25 37 110 146 160 169 223 236 253 278 284 302 325 326 361 370 382 397 424 428 440 463 469 496 512 520 524 536 566 596 598 616 632 655 668 676 698 710 736 740 742 765
15 33 36 115 118 124 130 136 142 154 172 181 184 190 205 247 262 265 268 280 286 289 301 307 310 313 331 340 345 349 355 358 415 418 421 439 457 466 481 484 490 505 508 526 550 571 586 601 610 619 622 652 667 670 673 703 706 712 724 727 733 739 748 760 767
1 34 113 116 122 134 152 158 173 176 182 188 194 206 224 233 251 260 290 314 332 350 362 368 374 380 392 416 422 434 446 452 458 470 485 503 515 530 548 554 578 584 590 602 608 614 626 644 647 656 680 692 704 722 728 734 737 752 761
14 26 35 41 47 117 159 213 228 255 258 264 273 288 306 330 336 363 369 378 389 411 420 426 432 453 459 462 468 510 519 522 540 555 594 618 621 639 642 663 711 720 747 766
